3 True 0.879915491554 1
3 True 0.205513826555 0
10 True 0.895674093995 1
18 True 0.985659921591 1
6 True 0.934667716279 1
3 True 0.222939527083 0
14 True 0.966565706226 1
7 True 0.997526556059 1
47 True 0.999604682473 1
3 False 0.142054318821 1
39 True 0.987380741951 1
14 False 0.12827513058 1
32 True 0.997950867161 1
161 True 0.999908154073 1
17 False 0.717805855274 0
21 True 0.999733799387 1
6 True 0.17822857213 0
10 False 0.397343041598 1
60 True 0.0140216975772 0
8 True 0.309023042934 0
3 True 0.205513826555 0
167 True 0.999909609796 1
542 True 0.999816495457 1
5 True 0.109425418598 0
3 True 0.205513826555 0
64 True 0.999818797582 1
2 True 0.246558741391 0
4 True 0.289451568826 0
8 True 0.975194187845 1
6 True 0.17822857213 0
118 True 0.999909609796 1
19 True 0.998824940706 1
3 True 0.908830396752 1
41 True 0.999492260085 1
3 True 0.205513826555 0
94 True 0.999318532223 1
48 True 0.999738700469 1
5 True 0.100131235678 0
62 True 0.99984195293 1
11 True 0.983466189748 1
525 True 0.999711153616 1
3 False 0.205513826555 1
119 True 0.999907758472 1
17 False 0.230459605409 1
94 True 0.999828633621 1
34 True 0.999888873381 1
27 True 0.998188654946 1
723 True 0.999816495457 1
13 True 0.999032900728 1
4 True 0.996498858737 1
12 True 0.395984138643 0
65 True 0.997289659127 1
9 True 0.165406077973 0
5 True 0.0995061215448 0
22 False 0.873553547842 0
2 True 0.285110039662 0
52 True 0.999255684 1
215 True 0.999908154073 1
4 True 0.315903892782 0
18 True 0.216420828737 0
2 False 0.297410434672 1
11 False 0.460465082503 1
196 True 0.999599992137 1
90 True 0.999908154073 1
19 True 0.998189104185 1
192 True 0.999908154073 1
3 True 0.022225609593 0
3 False 0.309442982336 1
4 True 0.22870180111 0
16 True 0.989976857237 1
52 True 0.999381233994 1
3 False 0.100649882846 1
6 False 0.0341135698903 1
8 True 0.978819843571 1
181 True 0.999896605283 1
4 True 0.194873611176 0
3 True 0.205513826555 0
5 True 0.100131235678 0
169 True 0.999908154073 1
92 True 0.999908154073 1
2 True 0.993400292015 1
11 False 0.213663771457 1
3 False 0.16598555655 1
2 True 0.997253931572 1
77 True 0.999599992137 1
7 False 0.0768058934111 1
3 True 0.205513826555 0
74 True 0.999618135177 1
18 True 0.984064908318 1
13 True 0.99680677036 1
14 True 0.998520735292 1
41 True 0.047221263981 0
102 True 0.999872062984 1
5 False 0.901806606726 0
2 True 0.297410434672 0
13 False 0.778847219096 0
19 True 0.999780209314 1
4 True 0.995381547439 1
2 True 0.565176142288 1
32 True 0.999899746196 1
4 True 0.0609580951047 0
60 True 0.999885533417 1
6 True 0.589771387395 1
26 True 0.998923330958 1
5 True 0.100131235678 0
4 False 0.630603125698 0
20 True 0.999897584923 1
5 True 0.100131235678 0
3 False 0.16598555655 1
174 True 0.999876908358 1
143 True 0.999297116486 1
10 True 0.913045540534 1
6 True 0.629250260921 1
5 True 0.0995061215448 0
29 True 0.99574530541 1
32 True 0.891764118309 1
8 False 0.887520299941 0
5 True 0.0995061215448 0
3 True 0.16598555655 0
5 True 0.135181474332 0
5 True 0.135181474332 0
2 True 0.969943061468 1
2 True 0.973724737139 1
2 False 0.297410434672 1
25 True 0.957076832325 1
38 True 0.999282094492 1
7 True 0.176190305608 0
3 True 0.142054318821 0
102 True 0.999587080995 1
31 True 0.999905738179 1
15 False 0.874181167514 0
5 False 0.993492414665 0
33 True 0.987078579603 1
2 False 0.297410434672 1
32 True 0.997629421535 1
2 False 0.923264369707 0
13 True 0.924931050943 1
5 True 0.100131235678 0
2 False 0.246558741391 1
9 True 0.154040732823 0
20 True 0.99636627817 1
3 True 0.205513826555 0
73 True 0.992293695512 1
28 False 0.873320830074 0
6 True 0.17822857213 0
64 True 0.980304022462 1
15 True 0.929976573348 1
6 True 0.995900701711 1
4 True 0.216355803623 0
5 True 0.135181474332 0
11 True 0.959108061145 1
3 True 0.0807492784158 0
40 True 0.998714710977 1
5 True 0.100131235678 0
3 True 0.205513826555 0
7 True 0.999750648304 1
99 True 0.960852287955 1
6 True 0.82288750517 1
2 False 0.297410434672 1
4 True 0.216355803623 0
3 True 0.399122180103 0
18 True 0.998058221554 1
4 False 0.982591482311 0
6 False 0.23018038756 1
5 True 0.109928520054 0
2 True 0.297410434672 0
223 True 0.99988223917 1
3 True 0.205513826555 0
4 False 0.593489204988 0
4 True 0.712362195782 1
7 True 0.988266288496 1
14 True 0.210957947789 0
2 True 0.0231261355952 0
67 True 0.991898058563 1
10 True 0.997592223775 1
52 True 0.999581376762 1
68 False 0.997823645846 0
16 False 0.955364238439 0
3 True 0.16598555655 0
11 True 0.380657708607 0
2 True 0.438982842653 0
3 True 0.421567710165 0
4 False 0.51222466051 0
42 True 0.998720771105 1
3 True 0.16598555655 0
3 True 0.231858880819 0
83 True 0.999599992137 1
3 True 0.214034704826 0
22 False 0.576337772717 0
11 False 0.569396717966 0
3 True 0.103272666097 0
4 False 0.681471412699 0
11 False 0.990390363352 0
40 True 0.999230301115 1
22 False 0.988964104253 0
2 True 0.297410434672 0
39 True 0.999849948023 1
3 True 0.205513826555 0
2 True 0.996932931311 1
2 True 0.980621917597 1
86 True 0.999787231663 1
2 False 0.0427316197917 1
37 True 0.42495543427 0
5 True 0.135181474332 0
3 True 0.193144254182 0
314 True 0.999908154073 1
10 True 0.0587743173357 0
405 True 0.999726268096 1
7 True 0.0610410413675 0
4 True 0.809102563688 1
7 True 0.711497019341 1
24 True 0.998886831494 1
427 True 0.999169254278 1
4 True 0.197680619696 0
5 True 0.378998845112 0
2 True 0.297410434672 0
12 True 0.994326560649 1
24 False 0.95166370739 0
60 True 0.993227151752 1
7 True 0.854829958654 1
42 True 0.972819151439 1
11 True 0.896940810274 1
50 True 0.999728175967 1
4 True 0.303109235102 0
10 False 0.694381839074 0
9 False 0.363262516893 1
13 True 0.353385621052 0
13 True 0.438257187285 0
306 True 0.999908154073 1
3 True 0.16598555655 0
79 True 0.999844457751 1
2 True 0.390829884948 0
43 True 0.999277458977 1
83 True 0.999770505904 1
24 True 0.998653699111 1
34 True 0.999249230842 1
12 True 0.125952301457 0
3 True 0.16598555655 0
5 False 0.746236364175 0
11 False 0.0201250115197 1
2 False 0.11524780869 1
235 True 0.999908154073 1
3 True 0.216451643009 0
2 False 0.629612623913 0
2 True 0.041426314731 0
21 True 0.999585357326 1
5 False 0.541222317557 0
12 True 0.991555377629 1
444 True 0.999816495457 1
15 True 0.840186681937 1
8 True 0.905242921953 1
4 True 0.216355803623 0
11 True 0.0352222974498 0
4 True 0.0547107820098 0
28 True 0.999766993557 1
11 True 0.264748805613 0
15 True 0.999821280089 1
2 True 0.297410434672 0
27 True 0.999094244194 1
13 False 0.557741830209 0
16 True 0.96972515437 1
13 False 0.0870135846799 1
10 True 0.0667588226746 0
22 True 0.999535315037 1
2 False 0.297410434672 1
5 True 0.0995061215448 0
2 False 0.193740871727 1
6 True 0.992364821406 1
7 False 0.227132250452 1
3 True 0.205513826555 0
40 True 0.999736872051 1
1 True 0.958662151732 1
14 True 0.996188242494 1
10 True 0.995934185612 1
10 True 0.977606888274 1
2 True 0.989924656585 1
3 True 0.0600605736837 0
121 True 0.999844457751 1
7 True 0.113319058657 0
3 True 0.205513826555 0
7 True 0.179794552405 0
4 True 0.119755875945 0
3 True 0.560518669704 1
220 True 0.999908154073 1
18 True 0.983599584147 1
2 True 0.438982842653 0
12 True 0.931160280268 1
71 True 0.999929963154 1
2 False 0.320638703392 1
6 False 0.385217714449 1
64 True 0.999943953344 1
55 True 0.99839418417 1
6 True 0.286155784559 0
5 True 0.11955196234 0
6 False 0.873629030633 0
50 True 0.999820951442 1
74 True 0.999141953019 1
15 False 0.173779918371 1
5 False 0.338824135814 1
209 True 0.999909609796 1
6 True 0.17822857213 0
38 True 0.999660874524 1
4 True 0.216355803623 0
21 True 0.99092696055 1
5 False 0.891892596615 0
6 True 0.298843386334 0
10 True 0.0720862453295 0
16 True 0.998876884587 1
11 True 0.0590361294727 0
4 False 0.987964274239 0
307 True 0.999908154073 1
10 True 0.998403971894 1
4 True 0.348253498837 0
9 False 0.280173308072 1
35 True 0.999916561221 1
39 True 0.941114832223 1
5 True 0.449357635546 0
41 True 0.999803168489 1
13 True 0.230935999378 0
3 True 0.205513826555 0
4 True 0.0559043409798 0
13 True 0.137827049489 0
6 True 0.184039908943 0
21 True 0.991273144037 1
4 True 0.994569531969 1
2 False 0.285110039662 1
3 False 0.46295230822 1
448 True 0.999711153616 1
2 False 0.297410434672 1
14 True 0.987939601741 1
16 False 0.379621770853 1
4 True 0.194873611176 0
3 False 0.0614391428347 1
7 True 0.0925653447868 0
72 True 0.999908154073 1
13 True 0.946444274454 1
11 True 0.270756099597 0
3 True 0.995509140246 1
48 True 0.988906856944 1
50 True 0.999716384396 1
24 False 0.878803197195 0
2 True 0.0278149529815 0
2 True 0.73771524258 1
13 False 0.0525206080743 1
3 False 0.309442982336 1
2 True 0.297410434672 0
9 True 0.015411840532 0
3 False 0.0661718077915 1
4 True 0.733729636706 1
6 True 0.932734173951 1
6 False 0.546472933176 0
3 True 0.16598555655 0
76 True 0.998409177834 1
10 False 0.0347348390352 1
16 True 0.999854101226 1
7 True 0.113319058657 0
154 True 0.999721157594 1
19 True 0.986135256186 1
15 False 0.702089610386 0
6 False 0.871869995719 0
5 True 0.109425418598 0
4 True 0.992097559676 1
5 True 0.867408796977 1
3 False 0.16598555655 1
6 True 0.991423660654 1
17 True 0.999885146028 1
4 False 0.0473581551971 1
11 True 0.999097696812 1
24 True 0.996718973105 1
11 False 0.254282443281 1
5 False 0.0836846795359 1
2 True 0.297410434672 0
3 False 0.335522869804 1
165 True 0.999905188598 1
7 True 0.927276188228 1
2 False 0.285110039662 1
2 False 0.954708241062 0
152 True 0.999908154073 1
30 True 0.999967055474 1
8 True 0.852160850723 1
3 True 0.0600605736837 0
6 True 0.998761290511 1
10 False 0.184309465676 1
131 True 0.999905188598 1
2 True 0.297410434672 0
6 True 0.743339374445 1
3 True 0.99828902128 1
23 True 0.999907996576 1
13 True 0.170448456516 0
6 False 0.552465299449 0
4 False 0.216355803623 1
2 False 0.390829884948 1
20 True 0.992165143555 1
109 True 0.99984195293 1
2 True 0.980621917597 1
30 True 0.998909566542 1
3 False 0.205513826555 1
18 True 0.996435896968 1
9 True 0.722003449313 1
59 True 0.998982521168 1
108 True 0.999888275252 1
18 True 0.0793188805994 0
96 True 0.999902891686 1
11 True 0.033583586631 0
14 False 0.979162231833 0
115 True 0.999599992137 1
657 True 0.999711153616 1
3 False 0.205513826555 1
4 True 0.393885092814 0
7 True 0.179794552405 0
18 True 0.994728116355 1
21 True 0.277440318158 0
7 False 0.202573992456 1
15 False 0.840201876685 0
7 False 0.395801220625 1
4 True 0.869105638766 1
3 True 0.793860059509 1
15 True 0.920614269569 1
10 True 0.083181728171 0
11 True 0.998576157826 1
4 True 0.216355803623 0
42 True 0.99831793377 1
8 True 0.502064970165 1
7 True 0.0978218537141 0
4 True 0.111189145887 0
562 True 0.999816495457 1
2 False 0.984145316292 0
12 True 0.0308117974836 0
269 True 0.999908154073 1
104 True 0.999844457751 1
24 True 0.970376440507 1
4 True 0.26179727712 0
6 False 0.376069738312 1
3 True 0.16598555655 0
4 True 0.504304491378 1
15 True 0.998841020177 1
60 True 0.997234458276 1
79 True 0.644758367411 1
233 True 0.999599992137 1
11 True 0.116573175971 0
7 False 0.215675918383 1
7 True 0.953240620437 1
2 False 0.518838692785 0
7 True 0.604418062644 1
6 True 0.34128315941 0
711 True 0.999626551045 1
4 True 0.220073610224 0
8 True 0.488195486813 0
8 False 0.352939261298 1
670 True 0.999816495457 1
11 True 0.0702402695069 0
2 True 0.439817201867 0
6 True 0.17822857213 0
26 True 0.982653140726 1
21 True 0.988806199703 1
3 True 0.205513826555 0
12 True 0.904332542954 1
20 True 0.99830158422 1
73 True 0.981832861408 1
26 True 0.998366656398 1
31 True 0.996964196097 1
18 True 0.999388417925 1
31 True 0.994444077808 1
99 True 0.999908908604 1
49 True 0.999408732381 1
20 True 0.0643296087258 0
42 True 0.999469803679 1
9 True 0.123051210743 0
311 True 0.999908154073 1
6 False 0.215030729487 1
5 True 0.100131235678 0
4 True 0.0282939838026 0
4 False 0.194873611176 1
7 False 0.0610410413675 1
31 True 0.999357140508 1
23 True 0.998257897252 1
143 True 0.999908154073 1
27 True 0.0963655279243 0
5 False 0.739357997482 0
36 True 0.946502760014 1
6 True 0.615450896241 1
6 False 0.153621553993 1
58 True 0.998833153433 1
3 False 0.299212596752 1
79 True 0.999908154073 1
27 True 0.998378580511 1
61 True 0.999772907678 1
12 False 0.131462241424 1
2 False 0.535043870973 0
48 True 0.999495041135 1
77 True 0.999733422428 1
12 True 0.928864471485 1
2 True 0.297410434672 0
3 False 0.0793053059464 1
67 True 0.940906919773 1
216 True 0.999596217482 1
63 True 0.999087826432 1
3 False 0.288704130973 1
24 True 0.957017724668 1
167 True 0.999794757832 1
27 True 0.966590759641 1
622 True 0.999752389526 1
2 True 0.997762906034 1
7 True 0.0610410413675 0
13 True 0.196954923528 0
16 True 0.988806299789 1
7 True 0.215439838027 0
5 True 0.100131235678 0
16 False 0.505122949659 0
24 True 0.917842535341 1
2 True 0.993700568999 1
12 True 0.984298309584 1
4 True 0.216355803623 0
4 False 0.892856997584 0
8 False 0.761100905218 0
4 False 0.0285034832451 1
4 True 0.187041548989 0
55 True 0.999909508123 1
5 True 0.100131235678 0
60 True 0.996930420168 1
11 True 0.997767147825 1
16 True 0.927898806444 1
55 True 0.999889255047 1
99 True 0.999909609796 1
11 False 0.250442636998 1
18 True 0.999265133664 1
227 True 0.999908154073 1
2 True 0.088620997842 0
458 True 0.999816495457 1
22 True 0.160556673163 0
23 True 0.97595817493 1
3 False 0.913108424838 0
221 True 0.999875604992 1
161 True 0.999872062984 1
2 False 0.297410434672 1
7 True 0.179794552405 0
51 True 0.999295522719 1
2 True 0.495159382091 0
7 True 0.0610410413675 0
4 False 0.903603724668 0
3 True 0.541873753979 1
42 True 0.999177934144 1
18 True 0.985243448667 1
1 True 0.999914743293 1
29 True 0.999313137819 1
6 True 0.992225988797 1
9 False 0.420606919204 1
2 True 0.297410434672 0
5 True 0.929144111035 1
16 True 0.995252644586 1
27 False 0.358910044145 1
22 True 0.994059066598 1
4 True 0.216355803623 0
29 True 0.999935198631 1
6 True 0.23018038756 0
227 True 0.999599992137 1
3 True 0.205513826555 0
5 False 0.759806341681 0
5 True 0.350173759196 0
14 False 0.63143434972 0
15 True 0.970523755637 1
3 False 0.047079181599 1
2 True 0.297410434672 0
6 True 0.997133552093 1
2 True 0.193740871727 0
52 True 0.999810383761 1
21 False 0.843884684024 0
48 True 0.960888685488 1
292 True 0.9998803427 1
8 True 0.994650561183 1
26 True 0.999865663194 1
6 False 0.882225227774 0
376 True 0.999455305103 1
3 True 0.0540569558821 0
9 True 0.540242534536 1
4 True 0.216355803623 0
11 True 0.0831873848136 0
9 True 0.212268578669 0
65 True 0.99428027911 1
25 True 0.995285191046 1
5 True 0.100131235678 0
31 True 0.999844467176 1
4 True 0.216355803623 0
2 True 0.297410434672 0
114 True 0.999587080995 1
3 False 0.309442982336 1
11 True 0.829777353061 1
3 True 0.255308363547 0
119 True 0.999559523753 1
2 True 0.367101039444 0
5 True 0.320835192873 0
4 False 0.216355803623 1
9 True 0.85584750667 1
14 True 0.79050889133 1
384 True 0.999765982452 1
4 True 0.216355803623 0
4 True 0.216355803623 0
13 True 0.998212602829 1
208 True 0.999176687509 1
6 True 0.211133665811 0
18 True 0.991983535592 1
14 True 0.999571591031 1
7 True 0.196773375053 0
6 True 0.64732687926 1
155 True 0.999886475979 1
5 True 0.441834417126 0
13 True 0.979582512437 1
52 True 0.982501647197 1
3 True 0.560148838451 1
21 True 0.996488095102 1
39 True 0.999774339348 1
6 True 0.82463058581 1
10 True 0.995504287646 1
6 True 0.870358969663 1
5 True 0.60192330398 1
2 True 0.297410434672 0
3 True 0.568041363835 1
5 True 0.100131235678 0
29 True 0.9989407757 1
4 True 0.216355803623 0
25 True 0.999875490639 1
4 False 0.051658941775 1
11 True 0.916905923091 1
28 True 0.994640082367 1
2 True 0.297410434672 0
13 True 0.731181750804 1
214 True 0.99973334953 1
6 False 0.753198601652 0
2 True 0.297410434672 0
8 True 0.184815665761 0
4 True 0.96477046285 1
109 True 0.996302905484 1
7 True 0.0536031910982 0
1 True 0.99595931565 1
42 True 0.985992217812 1
3 True 0.16598555655 0
87 True 0.99984195293 1
16 True 0.981990105316 1
2 True 0.297410434672 0
21 True 0.512005691137 1
6 True 0.997389862721 1
6 True 0.211133665811 0
2 False 0.297410434672 1
8 True 0.758410665632 1
5 True 0.944322616517 1
13 True 0.958652102911 1
2 True 0.438982842653 0
8 True 0.978556846326 1
13 False 0.831334581683 0
4 True 0.299737964865 0
20 True 0.93508170969 1
7 True 0.4804480375 0
6 True 0.946102248997 1
28 True 0.999267060766 1
15 True 0.999699150435 1
86 True 0.987909016912 1
3 True 0.421567710165 0
9 True 0.352799936999 0
2 True 0.297410434672 0
4 True 0.194873611176 0
86 True 0.999905188598 1
22 True 0.99688786228 1
45 True 0.0376716793537 0
7 False 0.0625657829373 1
7 False 0.184929455757 1
129 True 0.999908154073 1
18 True 0.997710930823 1
139 True 0.999866417478 1
5 False 0.100131235678 1
3 False 0.188935709626 1
8 True 0.912527568031 1
45 True 0.999894136822 1
10 True 0.473033838983 0
34 True 0.961802740924 1
9 True 0.998822976587 1
5 True 0.0995061215448 0
5 True 0.742266145629 1
2 True 0.438982842653 0
34 False 0.814587944357 0
2 True 0.297410434672 0
13 True 0.987535599779 1
9 True 0.362598004262 0
30 False 0.646093625705 0
4 True 0.710674659813 1
5 True 0.994010372787 1
15 True 0.805029686959 1
599 True 0.999816495457 1
110 True 0.999908154073 1
9 True 0.997396663744 1
6 True 0.959293415687 1
35 True 0.999003084643 1
11 True 0.999573911779 1
14 True 0.975821159674 1
12 True 0.0602586352351 0
5 False 0.530106221438 0
6 True 0.995182350931 1
62 True 0.999825925299 1
83 True 0.999528924511 1
5 True 0.889453585884 1
3 True 0.18007633518 0
94 True 0.999908154073 1
139 True 0.999905188598 1
12 True 0.999289302418 1
10 True 0.424621238531 0
326 True 0.999765982452 1
4 True 0.177104765082 0
3 True 0.100649882846 0
112 True 0.997241393023 1
5 True 0.100131235678 0
6 False 0.487141749045 1
12 True 0.977705161956 1
723 True 0.999816495457 1
2 True 0.438982842653 0
72 True 0.999845735478 1
11 True 0.188543979044 0
4 False 0.303109235102 1
15 True 0.999780437561 1
20 True 0.999306344324 1
4 True 0.194873611176 0
7 True 0.0344027212962 0
10 True 0.0894971036038 0
37 True 0.998088453179 1
8 False 0.523965563155 0
10 True 0.298835728881 0
4 True 0.216355803623 0
23 False 0.948452757859 0
37 True 0.950284461164 1
13 True 0.996842700023 1
4 False 0.571553078327 0
9 True 0.998792496951 1
3 True 0.102755676741 0
27 True 0.993447570367 1
7 False 0.908573619433 0
97 True 0.999844457751 1
33 False 0.978386830537 0
