181 True 1 0.173865556717
2 False 1 0.558071702719
2 False 1 0.710038423538
2 True 0 -0.199289381504
3 True 0 -0.431152552366
4 False 1 0.617862135172
2 True 0 -0.255250871181
3 False 0 -0.542827665806
4 True 0 -0.205022186041
4 False 0 -0.583092451096
8 True 1 0.461912333965
24 True 1 0.180714726448
6 False 1 0.679545760155
41 True 1 0.25538790226
2 False 1 0.523524492979
3 True 1 0.452670574188
200 False 0 -0.818444013596
10 True 1 0.489998161793
69 True 1 0.217173814774
16 False 0 -0.795657157898
55 True 1 0.182289123535
20 True 1 0.390116214752
200 True 1 0.207820177078
100 True 1 0.165677428246
96 True 1 0.19450032711
15 True 1 0.210805773735
60 True 1 0.166360139847
12 True 0 -0.468009024858
4 True 0 -0.472963154316
200 True 1 0.207351446152
12 True 1 0.272016644478
2 False 1 0.706370592117
3 True 0 -0.361844331026
10 True 1 0.435443043709
15 False 0 -0.526107192039
6 True 0 -0.43518692255
8 True 1 0.302910923958
19 True 1 0.189631938934
3 False 0 -0.520221114159
4 True 0 -0.38567635417
42 True 1 0.238909482956
6 True 1 0.323663711548
116 True 1 0.136090040207
87 True 1 0.176407814026
5 True 1 0.373965024948
6 True 1 0.326157689095
16 False 0 -0.52698469162
33 True 1 0.171846151352
3 True 0 -0.356304705143
39 True 1 0.167744040489
82 True 1 0.16489636898
24 True 1 0.431843519211
2 True 0 -0.133686885238
70 True 1 0.212422132492
132 True 1 0.194408297539
2 False 1 0.739031195641
200 True 1 0.186338663101
5 False 0 -0.621967315674
2 False 1 0.555682361126
19 True 1 0.243883252144
2 False 1 0.527078837156
4 True 0 -0.414180099964
100 True 1 0.169599533081
5 False 1 0.561178475618
28 True 1 0.238848805428
4 True 0 -0.431405723095
3 False 0 -0.542337298393
7 True 1 0.310353636742
12 True 1 0.24633038044
17 False 1 0.51102951169
16 True 1 0.299989938736
103 True 1 0.165619850159
19 False 0 -0.790566444397
3 True 0 -0.240385621786
11 True 1 0.369426250458
64 True 1 0.384413957596
200 True 1 0.181235074997
19 True 1 0.210516095161
11 False 1 0.552858620882
200 True 1 0.160896539688
2 False 1 0.575476616621
14 False 0 -0.745025634766
2 False 1 0.50711748004
2 True 0 -0.0460643023252
12 False 0 -0.599577188492
14 True 1 0.241186618805
11 True 1 0.467366099358
2 True 0 -0.260537743568
84 True 1 0.166965246201
3 False 0 -0.541198849678
54 True 1 0.242658257484
23 True 1 0.194447875023
3 True 0 -0.304022490978
6 False 0 -0.671059250832
4 False 0 -0.602128863335
151 True 1 0.169063687325
20 True 1 0.421091914177
2 False 1 0.780096575618
3 True 0 -0.323419630527
7 True 1 0.329344987869
3 True 0 -0.371562063694
2 False 1 0.531317412853
15 True 1 0.25881421566
4 False 1 0.545497357845
2 True 0 -0.476807445288
2 True 0 -0.310815989971
90 True 1 0.184706330299
13 True 0 -0.495314657688
13 True 1 0.254576683044
15 True 1 0.369920492172
34 True 1 0.202820658684
18 False 0 -0.781711578369
6 True 0 -0.441656589508
155 True 1 0.30632185936
27 True 1 0.205960869789
4 True 1 0.398343205452
8 False 0 -0.710607051849
4 True 1 0.476274728775
149 True 1 0.172039747238
7 False 0 -0.529091119766
10 True 1 0.317286252975
4 True 0 -0.409060925245
5 True 0 -0.41574922204
5 True 1 0.368094921112
62 True 1 0.190959215164
168 True 1 0.174397468567
10 True 1 0.365436673164
200 True 1 0.171436786652
200 True 1 0.186358451843
3 True 0 -0.227217853069
7 False 0 -0.554779052734
48 True 1 0.142385721207
40 True 1 0.194389343262
5 True 0 -0.423019558191
200 True 1 0.307482123375
23 True 1 0.184461236
101 True 1 0.178542137146
200 True 1 0.177582621574
20 False 0 -0.684042930603
3 True 0 -0.49823898077
2 False 1 0.816032230854
11 True 1 0.333459019661
22 True 1 0.245521306992
7 True 1 0.49306166172
2 True 0 -0.198031559587
64 False 0 -0.837115168571
16 True 1 0.21674478054
4 True 0 -0.455202460289
11 False 0 -0.706335783005
2 True 0 -0.133722066879
5 True 1 0.365511894226
6 True 0 -0.373960018158
5 True 0 -0.354251980782
14 True 0 -0.44020819664
10 True 1 0.255074381828
3 True 0 -0.319348931313
2 True 0 -0.213297218084
9 True 0 -0.381491392851
2 True 0 -0.225926935673
99 True 1 0.192907810211
25 True 1 0.312780737877
104 True 1 0.173071146011
65 True 1 0.487609624863
50 True 1 0.378986954689
3 True 0 -0.299235969782
9 False 0 -0.625044822693
6 True 1 0.334824681282
200 True 1 0.159839272499
51 True 1 0.171182870865
4 False 0 -0.595966458321
57 True 1 0.351293683052
11 True 1 0.256160378456
26 True 1 0.217833280563
119 True 1 0.23041510582
7 True 1 0.370486021042
5 True 1 0.410943627357
18 True 1 0.178788423538
2 True 0 -0.252855360508
6 True 0 -0.443288385868
5 True 1 0.377135038376
3 True 0 -0.385932356119
6 False 0 -0.657519698143
12 True 1 0.23148727417
5 False 1 0.535343647003
6 True 0 -0.376867502928
110 True 1 0.178255081177
18 False 0 -0.827066540718
161 True 1 0.173093557358
4 True 0 -0.437192171812
6 True 1 0.329248428345
2 False 1 0.736466705799
200 True 1 0.15184867382
3 True 1 0.477259993553
2 False 1 0.752626597881
42 True 1 0.136147856712
3 False 0 -0.55154812336
179 False 0 -0.818409204483
25 True 1 0.399272918701
46 True 1 0.191366553307
2 False 1 0.726097404957
8 True 1 0.298568964005
6 True 0 -0.467580169439
4 False 1 0.507835149765
88 True 1 0.229264497757
67 True 1 0.358292818069
4 True 0 -0.36470541358
13 False 0 -0.620246767998
2 False 1 0.735973894596
2 True 0 -0.256074428558
40 True 1 0.167182326317
3 False 1 0.824288934469
2 True 0 -0.289797246456
35 True 1 0.329763412476
6 False 0 -0.515889644623
4 True 0 -0.448386698961
3 True 0 -0.33836171031
168 True 1 0.18214070797
6 True 1 0.425319075584
122 True 1 0.407030582428
2 False 1 0.723054766655
48 True 1 0.162256717682
8 False 1 0.512065291405
3 True 0 -0.328820645809
2 False 1 0.649912297726
70 True 1 0.184609174728
163 True 1 0.146116137505
2 True 0 -0.0460643023252
44 True 1 0.17399930954
2 True 0 -0.243886291981
3 True 0 -0.3373298347
55 True 1 0.167777180672
61 True 1 0.169013977051
4 True 0 -0.377417296171
18 True 1 0.259174466133
2 False 1 0.744132488966
4 True 0 -0.323580205441
4 True 0 -0.323912858963
3 False 1 0.649295896292
4 True 0 -0.381176710129
2 False 1 0.660444259644
9 True 1 0.269035577774
3 True 0 -0.334913820028
4 False 1 0.733475863934
2 False 1 0.678704679012
3 True 0 -0.344692111015
3 False 0 -0.535036504269
3 True 0 -0.389182060957
41 True 1 0.165082573891
2 True 0 -0.194872528315
108 True 1 0.186010360718
5 False 1 0.561991035938
57 True 1 0.189571976662
18 True 1 0.206194877625
85 True 1 0.259040236473
8 True 0 -0.477338522673
61 True 1 0.192443490028
2 True 0 -0.177157267928
29 True 1 0.170818686485
10 True 0 -0.482904374599
5 True 0 -0.49161952734
50 True 1 0.182127833366
7 True 0 -0.338730961084
6 False 0 -0.665537118912
36 True 1 0.16763818264
9 True 1 0.294306397438
70 True 1 0.172923207283
25 True 1 0.193293333054
13 False 0 -0.725635766983
60 True 1 0.234350681305
102 True 1 0.24827504158
4 True 0 -0.307029187679
8 False 1 0.522496312857
10 True 1 0.459555149078
3 False 1 0.889391630888
23 True 1 0.23813700676
192 True 1 0.156859874725
200 True 1 0.193687319756
14 False 0 -0.729288458824
8 True 1 0.407924771309
7 True 1 0.312501430511
4 False 1 0.518165647984
24 True 1 0.177338242531
19 False 0 -0.812035799026
12 True 0 -0.470150232315
4 True 0 -0.375794827938
10 False 0 -0.723396539688
8 False 0 -0.69285941124
36 True 1 0.206931233406
2 False 1 0.699438810349
3 True 0 -0.367628216743
29 True 1 0.234793663025
2 False 1 0.713057696819
200 True 1 0.186377644539
2 True 0 -0.237695842981
79 True 1 0.17628467083
23 True 1 0.472294449806
13 True 1 0.260724544525
200 True 1 0.17577111721
3 False 0 -0.553025782108
6 True 0 -0.481567680836
2 True 0 -0.198482990265
23 True 1 0.191093683243
2 False 1 0.527190595865
10 True 1 0.309201717377
2 True 0 -0.199289381504
74 True 1 0.23180270195
11 True 1 0.236725091934
2 True 0 -0.254556953907
9 False 1 0.505227953196
2 False 1 0.953935697675
5 True 1 0.37472641468
7 True 0 -0.439986646175
6 False 0 -0.550267517567
7 True 0 -0.441382020712
10 True 1 0.25056552887
96 True 1 0.168959736824
200 True 1 0.172204971313
44 True 1 0.153323411942
68 True 1 0.193340539932
3 False 1 0.68403288722
200 True 1 0.183359146118
3 False 1 0.609235137701
3 False 1 0.773792892694
3 True 0 -0.359365820885
93 True 1 0.228727698326
33 False 0 -0.833644866943
25 True 1 0.193136692047
6 False 1 0.5000038445
13 False 0 -0.508607149124
9 True 1 0.323100566864
5 True 1 0.373246073723
4 True 1 0.395553946495
134 True 1 0.210677862167
4 False 0 -0.545192599297
37 True 1 0.157519698143
4 True 0 -0.412576943636
12 False 1 0.509403198957
4 True 1 0.398561239243
3 True 0 -0.433314412832
133 True 1 0.164010882378
2 False 1 0.662850141525
2 True 0 -0.233579963446
2 True 0 -0.174578085542
107 True 1 0.169654846191
44 True 1 0.159013390541
3 True 0 -0.331202745438
11 True 1 0.251767396927
2 True 0 -0.297731935978
7 True 0 -0.476619035006
14 False 0 -0.564802050591
7 True 1 0.496958255768
16 True 1 0.449581027031
200 True 1 0.19725382328
46 True 1 0.171958327293
8 True 1 0.43641602993
3 True 0 -0.316374540329
12 True 1 0.248443841934
200 True 1 0.174820780754
76 True 1 0.285274147987
4 True 1 0.418573975563
11 True 1 0.301714777946
62 True 1 0.214933037758
10 False 0 -0.570932269096
135 True 1 0.172872185707
18 True 1 0.1946413517
24 True 1 0.208724975586
9 False 0 -0.728725910187
70 True 1 0.330449104309
2 True 0 -0.296220302582
74 True 1 0.188972592354
6 True 1 0.326587557793
14 True 1 0.269279003143
13 True 1 0.231658697128
200 True 1 0.195937633514
40 True 1 0.173144698143
11 True 1 0.260913133621
34 True 1 0.173204183578
5 False 0 -0.513890147209
15 True 1 0.209572196007
6 True 0 -0.342953652143
124 True 1 0.155365824699
2 True 0 -0.296220302582
9 True 0 -0.48886013031
75 True 1 0.441929340363
19 True 1 0.186077952385
3 False 0 -0.535335659981
124 True 1 0.175731658936
10 True 1 0.360843300819
2 False 1 0.743706434965
6 True 0 -0.478032112122
11 False 0 -0.579658031464
3 True 1 0.440119147301
2 True 0 -0.0460643023252
2 True 0 -0.175054132938
2 True 0 -0.0460643023252
50 True 1 0.176614999771
7 True 1 0.327053666115
10 True 1 0.249610066414
7 True 0 -0.46000829339
8 False 0 -0.71301472187
153 True 1 0.167430996895
4 True 0 -0.361597150564
18 False 0 -0.799898028374
10 False 0 -0.733093261719
32 True 1 0.16855442524
3 False 1 0.668448835611
6 True 1 0.474787116051
35 False 0 -0.695773839951
13 True 1 0.224086523056
2 False 1 0.531447321177
7 True 1 0.353913903236
6 True 0 -0.467785447836
2 False 1 0.654681622982
11 False 1 0.524888843298
5 True 1 0.441165685654
6 True 1 0.341888427734
138 True 1 0.27877163887
3 True 0 -0.142157495022
7 True 1 0.344008922577
148 True 1 0.166759490967
2 False 1 0.58865737915
79 True 1 0.193021416664
17 True 1 0.204740762711
12 False 1 0.50188010931
31 True 1 0.174783587456
62 True 1 0.178842067719
18 True 1 0.318460226059
2 True 0 -0.220247507095
8 False 0 -0.701199650764
78 True 1 0.138407349586
71 True 1 0.187732815742
108 True 1 0.380036354065
2 True 0 -0.238687366247
25 True 1 0.398143649101
11 True 1 0.247148871422
17 True 1 0.199092626572
200 False 0 -0.78965651989
2 True 0 -0.240518450737
2 True 0 -0.478448361158
200 True 1 0.191148042679
4 False 1 0.654617279768
20 True 1 0.318025946617
40 False 0 -0.561370968819
7 True 0 -0.375513672829
2 True 0 -0.263071477413
134 True 1 0.178863286972
200 True 1 0.277585864067
3 True 0 -0.286821514368
25 True 1 0.191985368729
2 True 0 -0.199289381504
10 False 0 -0.746667981148
200 True 1 0.174462795258
3 True 0 -0.305679231882
3 True 0 -0.336617916822
118 True 1 0.199517965317
15 True 1 0.249987363815
8 True 0 -0.462178081274
3 True 0 -0.311235249043
6 True 1 0.348814725876
43 True 1 0.182251691818
9 True 0 -0.481251955032
2 False 1 0.953935697675
136 True 1 0.175950288773
135 True 1 0.151730656624
27 True 1 0.192752361298
5 True 0 -0.400302290916
137 True 1 0.173535346985
5 False 1 0.613298416138
7 False 0 -0.635134577751
76 True 1 0.174275040627
42 True 1 0.162061333656
200 True 1 0.18181014061
16 True 1 0.202820897102
10 True 1 0.269052386284
17 True 1 0.211118817329
2 True 0 -0.183946862817
4 True 0 -0.31005358696
14 True 1 0.215554594994
2 False 1 0.80978962779
200 True 1 0.214078426361
33 True 1 0.247011303902
2 True 0 -0.182238668203
58 True 1 0.36679983139
6 False 1 0.610682219267
42 True 1 0.180825233459
2 True 0 -0.0460643023252
32 True 1 0.24324119091
4 True 0 -0.348760932684
103 True 1 0.181087613106
5 True 1 0.495698094368
3 True 0 -0.325980216265
136 True 1 0.229109883308
37 False 0 -0.835252165794
11 False 0 -0.520177125931
7 True 0 -0.457010358572
6 True 1 0.353513240814
2 True 0 -0.3157120049
5 True 1 0.386438727379
3 False 1 0.570190757513
54 True 1 0.184149384499
9 False 0 -0.530466556549
15 True 1 0.24720454216
200 True 1 0.210805773735
2 True 0 -0.332621753216
16 False 0 -0.793117642403
5 True 0 -0.4051630795
8 False 0 -0.522133052349
3 True 0 -0.286769539118
7 False 1 0.544507175684
4 False 1 0.522104889154
2 True 0 -0.382249683142
2 True 0 -0.19855478406
200 True 1 0.301092147827
12 True 1 0.292980313301
25 False 0 -0.82467019558
122 True 1 0.146468281746
10 True 1 0.257975816727
2 False 1 0.836244434118
16 True 1 0.230044722557
4 True 0 -0.301268815994
2 True 0 -0.284971088171
20 True 1 0.202784657478
15 True 1 0.216667771339
2 False 1 0.953935697675
56 True 1 0.183387875557
10 True 1 0.437723398209
40 False 0 -0.772213816643
13 True 0 -0.443923383951
3 True 0 -0.359522908926
2 True 0 -0.305115401745
43 True 1 0.170938134193
8 False 0 -0.517894387245
7 True 1 0.421804308891
3 True 0 -0.407112568617
9 False 0 -0.715379476547
26 True 1 0.181048512459
12 True 1 0.262580156326
5 True 0 -0.429686188698
13 True 1 0.233121752739
75 True 1 0.216857075691
3 True 0 -0.314745813608
200 True 1 0.179043412209
2 True 0 -0.187668517232
4 True 1 0.398788571358
2 True 0 -0.260002225637
3 True 0 -0.333689957857
71 True 1 0.175464034081
3 False 1 0.718104600906
2 True 0 -0.479099273682
3 False 0 -0.557518720627
22 True 1 0.258600473404
23 True 1 0.184586524963
2 True 0 -0.315234065056
48 True 1 0.152197480202
116 True 1 0.19042634964
3 True 0 -0.253013312817
2 True 0 -0.270492851734
82 True 1 0.179493308067
24 True 1 0.299157977104
22 False 0 -0.814803242683
2 True 0 -0.198031574488
43 True 1 0.426166176796
58 True 1 0.173844456673
12 True 1 0.316044330597
7 True 0 -0.462542623281
3 True 0 -0.416901141405
2 True 0 -0.484201788902
2 True 0 -0.240518450737
22 True 1 0.314378380775
30 True 1 0.377771496773
3 True 0 -0.235378026962
2 False 1 0.756283372641
19 False 1 0.527192115784
15 True 1 0.216793656349
4 True 0 -0.459677487612
4 True 0 -0.346995532513
45 True 1 0.204727768898
180 True 1 0.131062746048
103 True 1 0.183910131454
6 False 0 -0.635235309601
200 True 1 0.357332229614
3 True 1 0.459524393082
12 False 0 -0.573136329651
2 True 0 -0.2684199512
5 False 1 0.709116339684
5 True 0 -0.318755626678
18 True 1 0.237227797508
5 False 1 0.592749595642
4 True 0 -0.275978446007
8 True 1 0.284028887749
130 True 1 0.152592420578
4 True 0 -0.493803828955
200 True 1 0.191736578941
129 True 1 0.17046558857
4 False 1 0.529131561518
49 True 1 0.267446279526
5 False 0 -0.629195094109
11 True 1 0.406609296799
141 True 1 0.274969339371
7 True 1 0.317209601402
3 True 0 -0.376533776522
27 True 1 0.18813586235
4 True 0 -0.419901192188
2 True 0 -0.36455515027
31 True 1 0.222769260406
8 False 0 -0.712493538857
10 True 1 0.261254549026
34 True 1 0.176761269569
3 True 0 -0.360900908709
2 True 0 -0.227399200201
7 False 0 -0.668426275253
64 True 1 0.149105191231
62 True 1 0.387491464615
4 False 1 0.603227943182
2 False 1 0.771569386125
6 True 0 -0.408475399017
3 True 0 -0.21149943769
138 True 1 0.160762906075
10 False 0 -0.501580715179
68 True 1 0.186074376106
18 True 1 0.187666773796
8 False 0 -0.711985230446
2 False 1 0.838072419167
87 True 1 0.160995960236
60 True 1 0.238544344902
2 False 1 0.52050447464
6 True 1 0.343359708786
18 True 1 0.344461560249
28 True 1 0.362241864204
5 True 1 0.370795369148
4 True 0 -0.265158861876
3 False 1 0.639891713858
9 True 0 -0.491245955229
5 False 1 0.582376778126
4 False 1 0.608092159033
13 True 1 0.487851023674
6 True 0 -0.472220659256
76 True 1 0.324474096298
165 True 1 0.175757288933
200 True 1 0.130296945572
66 True 1 0.17141520977
4 False 1 0.719607830048
28 True 1 0.181534051895
49 True 1 0.174513459206
13 True 1 0.477218747139
7 True 1 0.320858716965
7 True 1 0.328276276588
31 True 1 0.17266356945
11 True 1 0.464554548264
44 True 1 0.184170842171
27 True 1 0.25059735775
11 True 1 0.410853743553
16 True 1 0.212267041206
10 True 1 0.276634216309
4 False 1 0.636435002089
4 True 0 -0.458684712648
118 True 1 0.17676115036
13 False 0 -0.588090181351
8 False 0 -0.503132581711
87 True 1 0.181329727173
12 True 1 0.239804267883
34 True 1 0.184812545776
7 True 1 0.372459053993
27 True 1 0.194636702538
2 True 0 -0.304599910975
2 True 0 -0.362820118666
5 False 1 0.568542659283
6 True 1 0.328718781471
10 True 0 -0.467580288649
20 True 1 0.232528924942
14 True 1 0.310415029526
35 True 1 0.184813141823
30 True 1 0.194061160088
62 True 1 0.264003515244
10 True 1 0.245584249496
34 True 1 0.172186732292
28 True 1 0.168733119965
2 True 0 -0.282886087894
25 True 1 0.281845450401
6 True 1 0.339246988297
11 False 0 -0.752695798874
4 True 1 0.433366715908
2 False 1 0.697518467903
45 True 1 0.292223930359
11 True 1 0.246853113174
2 True 0 -0.339323729277
2 True 0 -0.241974383593
66 True 1 0.180665850639
21 True 1 0.187291622162
11 True 0 -0.419147759676
2 True 0 -0.240517497063
13 True 1 0.221036672592
13 True 1 0.484618902206
19 True 1 0.437572360039
27 True 1 0.17661011219
47 True 1 0.331476449966
200 True 1 0.174782276154
92 True 1 0.182301998138
2 True 0 -0.229085087776
7 False 0 -0.540324091911
200 True 1 0.244398832321
5 False 0 -0.631677389145
58 True 1 0.234038949013
36 True 1 0.171887993813
200 True 1 0.19165956974
19 True 1 0.493676781654
5 True 0 -0.425079315901
10 True 1 0.327211737633
2 True 0 -0.130374640226
2 False 1 0.953935697675
2 True 0 -0.212372899055
51 True 1 0.172525525093
7 True 1 0.38405418396
2 False 1 0.523507833481
6 True 1 0.371384382248
8 True 1 0.413511753082
2 True 0 -0.146023020148
25 True 1 0.182124495506
5 True 0 -0.299264788628
46 True 1 0.178171277046
11 True 1 0.253453493118
26 True 1 0.186504006386
2 True 0 -0.232840567827
12 True 1 0.251503705978
8 True 1 0.470238566399
13 True 1 0.227004289627
17 True 1 0.426457762718
6 False 0 -0.65119433403
15 True 0 -0.493217915297
45 True 1 0.190054416656
200 True 1 0.176491618156
3 False 1 0.805264204741
5 True 0 -0.467816352844
2 True 0 -0.308091074228
