588 True 0.999886436353 1
50 True 0.999955834358 1
269 True 0.999958869968 1
6 True 0.999680749401 1
9 True 0.999590538164 1
220 True 0.999958869968 1
261 True 0.999958869968 1
2 True 0.975573851575 1
2 False 0.414225806303 1
193 True 0.99995112358 1
58 True 0.999567733559 1
209 True 0.999940058112 1
27 True 0.891617033139 1
20 True 0.921787179846 1
122 True 0.999479719143 1
5 True 0.814295465227 1
20 True 0.987681537403 1
97 True 0.999949517735 1
11 True 0.998136982123 1
121 True 0.999949517735 1
6 True 0.999755566921 1
4 True 0.983328815286 1
28 True 0.997577033682 1
7 False 0.410710616212 1
6 False 0.368726977424 1
77 True 0.999801623847 1
24 True 0.998911112011 1
10 True 0.899215021335 1
542 True 0.9998978752 1
5 True 0.810497246834 1
4 False 0.0959622971452 1
6 True 0.826522671479 1
18 True 0.999528398321 1
64 True 0.9872742235 1
16 False 0.15472836454 1
166 True 0.999801623847 1
32 True 0.993311587087 1
3 True 0.60172477709 1
11 True 0.985448860816 1
96 True 0.999835753063 1
40 True 0.971345624206 1
9 True 0.990163145079 1
1 True 0.992386698694 1
43 True 0.999941670658 1
94 True 0.999888069221 1
11 False 0.232514441108 1
8 True 0.799968066281 1
93 True 0.999944875666 1
128 True 0.998971913172 1
51 True 0.999955834358 1
19 True 0.998278302459 1
5 True 0.999673245058 1
9 True 0.997200766909 1
472 True 0.999579917792 1
9 False 0.310624092232 1
2 False 0.332125479523 1
47 True 0.997977156977 1
17 True 0.97149500816 1
19 True 0.998984552955 1
67 True 0.958920370137 1
160 True 0.999944875666 1
83 True 0.999626284405 1
27 True 0.973500844162 1
4 False 0.190164889978 1
4 True 0.994539024564 1
3 True 0.992938173215 1
24 True 0.998504080173 1
7 False 0.130319166432 1
60 True 0.994701715999 1
259 True 0.999801623847 1
39 True 0.995856986513 1
83 True 0.997897712014 1
3 False 0.0521427723079 1
55 True 0.999201002529 1
3 False 0.129580322311 1
26 True 0.999561755623 1
87 True 0.999944875666 1
181 True 0.999958869968 1
9 True 0.991292560123 1
208 True 0.999562094244 1
77 True 0.999845372008 1
128 True 0.999801623847 1
16 True 0.980991992945 1
135 True 0.999756525368 1
1463 True 0.999914060159 1
8 True 0.675391148131 1
141 True 0.999801623847 1
44 True 0.99913990078 1
7 True 0.721058383898 1
10 True 0.964631101247 1
7 False 0.142154442185 1
99 True 0.942194882992 1
84 True 0.999698461936 1
38 True 0.999950697384 1
4 False 0.0467802948121 1
20 True 0.978759664321 1
9 True 0.976461088349 1
209 True 0.999801623847 1
60 True 0.999351805175 1
86 True 0.999958869968 1
4 False 0.20385316543 1
17 True 0.98852252158 1
1 True 0.938102956831 1
558 True 0.999914060159 1
21 True 0.983576380225 1
19 True 0.999627547148 1
32 True 0.998742614502 1
30 True 0.85749382806 1
7 True 0.978782935534 1
35 True 0.99922035709 1
15 True 0.999953523849 1
1087 True 0.999914060159 1
28 True 0.537729626041 1
17 True 0.999922950856 1
33 True 0.999861030137 1
16 True 0.996568793187 1
6 True 0.970610702243 1
18 True 0.997271112413 1
26 True 0.999951964606 1
50 True 0.999931946534 1
6 True 0.593066227184 1
4 True 0.590755395473 1
14 True 0.999360284512 1
39 True 0.932496643318 1
15 True 0.923375520372 1
33 True 0.999679953847 1
137 True 0.999877024441 1
4 False 0.433751574096 1
16 True 0.998224383251 1
13 False 0.0840993884779 1
4 False 0.205965336711 1
124 True 0.999944875666 1
4 False 0.201846482542 1
38 True 0.997385535958 1
9 True 0.999869438898 1
3 False 0.203528793673 1
11 True 0.997802130303 1
30 True 0.99916954985 1
5 True 0.608629155813 1
12 False 0.368937195002 1
20 True 0.999648341365 1
143 True 0.999958869968 1
27 True 0.99872004465 1
4 False 0.190164889978 1
104 True 0.999958869968 1
3 False 0.108910008229 1
69 True 0.999944875666 1
21 True 0.999855100809 1
48 True 0.999909622622 1
490 True 0.999914060159 1
50 True 0.999227265463 1
114 True 0.999801623847 1
9 True 0.964785682639 1
6 True 0.975181790474 1
201 True 0.999944875666 1
30 True 0.989655220782 1
73 True 0.999801623847 1
6 False 0.415933458477 1
9 True 0.993040330504 1
6 True 0.834959604731 1
79 True 0.991524312553 1
8 False 0.395605046493 1
18 True 0.929523314882 1
18 True 0.999456362705 1
13 True 0.997098294112 1
47 True 0.998177417716 1
101 True 0.999902960202 1
43 True 0.999283978553 1
96 True 0.999923793791 1
11 False 0.0224515860042 1
465 True 0.999914060159 1
33 True 0.85677486068 1
68 True 0.9999157343 1
11 False 0.208312852419 1
221 True 0.999939123107 1
21 True 0.986152197424 1
2 True 0.994679574657 1
20 True 0.980258082808 1
3 False 0.294940535545 1
34 True 0.999538675128 1
3 True 0.733479210544 1
14 True 0.904636387208 1
6 True 0.919722496228 1
5 True 0.985697631822 1
5 True 0.670452180472 1
3 False 0.0521427723079 1
124 True 0.999867757475 1
3 False 0.157877971902 1
8 False 0.186706736974 1
12 True 0.998227522198 1
14 False 0.376686753917 1
3 False 0.157877971902 1
6 True 0.99793352643 1
1 True 0.931780207152 1
20 True 0.846534956278 1
292 True 0.999938041929 1
66 True 0.999589785284 1
15 True 0.997713273063 1
5 False 0.242119882194 1
86 True 0.999756525368 1
2 True 0.958359108983 1
114 True 0.999821720046 1
17 True 0.994713378035 1
44 True 0.997554639012 1
3 True 0.587672431454 1
2 False 0.334169411038 1
24 True 0.997903336382 1
123 True 0.999958869968 1
262 True 0.999958869968 1
12 True 0.999653553563 1
15 True 0.999712156917 1
22 True 0.97116059943 1
7 True 0.890842486494 1
5 True 0.975761682509 1
311 True 0.999958869968 1
622 True 0.999856250574 1
2 True 0.836730138001 1
8 True 0.957697727316 1
7 True 0.954064888273 1
6 False 0.144945068647 1
3 False 0.169007390298 1
14 True 0.999902755904 1
8 True 0.839282511869 1
300 True 0.999958869968 1
82 True 0.999932261331 1
8 False 0.458391156102 1
45 True 0.999597198514 1
2 False 0.332125479523 1
150 True 0.999813640219 1
118 True 0.999901201417 1
18 True 0.997663021922 1
52 True 0.999945981207 1
161 True 0.999958869968 1
43 True 0.999532547331 1
6 True 0.936562276053 1
528 True 0.999914060159 1
5 True 0.999915884169 1
16 True 0.889427366398 1
15 True 0.988710858522 1
169 True 0.999958869968 1
8 False 0.299158691765 1
29 True 0.99771614431 1
6 True 0.807854867129 1
8 False 0.151505972856 1
8 True 0.998571509973 1
17 True 0.847029055484 1
19 True 0.995649049872 1
17 False 0.0758631681882 1
68 True 0.999888433416 1
33 True 0.999305173017 1
4 True 0.731052312712 1
62 True 0.999919599282 1
94 True 0.999958869968 1
435 True 0.999886436353 1
21 True 0.990834877235 1
6 True 0.998477927299 1
16 True 0.933560649645 1
33 True 0.956644138081 1
11 True 0.998385132716 1
31 True 0.860908537292 1
94 True 0.999926435377 1
3 True 0.972661862689 1
3 False 0.294940535545 1
3 False 0.157877971902 1
14 True 0.999891009293 1
18 False 0.00816613574019 1
96 True 0.9982975146 1
87 True 0.999958869968 1
4 False 0.13348628638 1
1 True 0.999091052129 1
744 True 0.999914060159 1
20 True 0.999908754107 1
54 True 0.999895493777 1
4 True 0.803561412929 1
7 False 0.0987203939156 1
29 True 0.99942107433 1
20 True 0.506897378763 1
2 True 0.948256041913 1
5 False 0.131522616132 1
405 True 0.999914060159 1
7 False 0.178645214896 1
7 True 0.901026599799 1
28 True 0.999693180715 1
237 True 0.999949517735 1
60 True 0.999488125958 1
17 True 0.643902120397 1
72 True 0.999947615961 1
196 True 0.999801623847 1
280 True 0.999958869968 1
48 True 0.990796904914 1
18 True 0.997100128726 1
14 False 0.22115763154 1
66 True 0.900932445682 1
41 False 0.146645236131 1
23 True 0.998585834772 1
11 True 0.881064031694 1
8 True 0.608330156587 1
20 True 0.834408279503 1
131 True 0.999958869968 1
144 True 0.999723585218 1
98 True 0.999947615961 1
6 True 0.965110180682 1
25 True 0.998951629293 1
10 True 0.96830518928 1
3 False 0.203528793673 1
3 False 0.22514458892 1
18 False 0.0318992853794 1
14 True 0.999862101509 1
29 True 0.999939380385 1
542 True 0.999914060159 1
2 True 0.693656510716 1
114 True 0.999958869968 1
3 False 0.157877971902 1
68 True 0.999938094337 1
13 True 0.988891736106 1
2 False 0.104278820974 1
2 True 0.946550380264 1
6 False 0.225409201598 1
92 True 0.999958869968 1
5 True 0.819411090601 1
122 True 0.999958869968 1
287 True 0.999955918244 1
291 True 0.999801623847 1
4 False 0.434661573037 1
13 True 0.999404774996 1
152 True 0.999958869968 1
13 True 0.999119494148 1
2 True 0.682988914163 1
12 True 0.999766245955 1
9 True 0.997453800745 1
80 True 0.999693809261 1
235 True 0.999958869968 1
588 True 0.999914060159 1
139 True 0.999958869968 1
26 True 0.881148824786 1
28 True 0.998448954507 1
18 True 0.999076685885 1
7 False 0.44018770522 1
8 True 0.973115771235 1
8 True 0.562954134615 1
11 True 0.9433056623 1
30 True 0.996592391945 1
10 False 0.0475083285236 1
6 False 0.390249824377 1
18 True 0.994361993961 1
131 True 0.999801623847 1
13 True 0.997421816246 1
27 True 0.999878934344 1
46 True 0.990262601611 1
20 True 0.995746472487 1
5 True 0.519352489448 1
582 True 0.999886436353 1
56 True 0.824740509374 1
7 True 0.995064673883 1
38 True 0.999939109083 1
13 False 0.0565598148416 1
55 True 0.999702172763 1
110 True 0.999923296841 1
7 False 0.0667410801661 1
26 True 0.999927652887 1
10 True 0.998992263745 1
11 True 0.720692515061 1
6 False 0.468054686522 1
43 True 0.965505997469 1
26 True 0.999576759075 1
68 True 0.99988604591 1
171 True 0.999958869968 1
14 False 0.0485113636358 1
16 True 0.999960422194 1
2 False 0.334169411038 1
2 True 0.999682082938 1
513 True 0.999914060159 1
4 False 0.393177633758 1
110 True 0.999958869968 1
14 True 0.999657950784 1
74 True 0.999835753063 1
30 True 0.999915741882 1
142 True 0.999821720046 1
79 True 0.999958869968 1
287 True 0.999958869968 1
22 True 0.989085540667 1
71 True 0.999879133412 1
51 True 0.978382050234 1
11 True 0.698907106941 1
47 True 0.999940182521 1
22 True 0.999439625769 1
198 True 0.999955918244 1
2 True 0.958981374928 1
67 True 0.99415659565 1
34 True 0.999731053054 1
30 True 0.999470281372 1
94 True 0.999926605337 1
227 True 0.999958869968 1
8 True 0.90860797764 1
32 True 0.947302940071 1
5 True 0.998470382091 1
91 True 0.999213898107 1
42 True 0.999680674671 1
11 True 0.705116967057 1
105 True 0.999701282604 1
314 True 0.999958869968 1
42 True 0.971798757876 1
5 True 0.944139642034 1
7 False 0.213474232624 1
15 True 0.999335501941 1
2 False 0.398409120406 1
23 True 0.893512233014 1
332 True 0.99962305473 1
87 True 0.999958869968 1
4 True 0.80919497769 1
40 True 0.985136871636 1
7 True 0.938474841574 1
6 True 0.91603976751 1
163 True 0.999943139802 1
54 True 0.934238974658 1
11 True 0.999757490772 1
427 True 0.99962305473 1
3 False 0.107690023138 1
10 True 0.97505410631 1
13 True 0.999759656362 1
21 True 0.960116558478 1
3 True 0.551810430165 1
39 True 0.999781299328 1
20 True 0.649647697456 1
9 False 0.381783400767 1
2 True 0.848655535307 1
37 True 0.996238228157 1
280 True 0.999699674762 1
2 False 0.30836271215 1
4 False 0.190164889978 1
20 False 0.0585069727877 1
4 False 0.131485808813 1
458 True 0.999914060159 1
2 True 0.999922912361 1
2 True 0.999706806797 1
86 True 0.999906114589 1
15 True 0.975944232221 1
15 True 0.555940786441 1
6 True 0.6488699759 1
14 True 0.992671662464 1
11 True 0.972723633831 1
20 True 0.990931896322 1
36 True 0.999754591653 1
18 False 0.0106755749858 1
46 True 0.999525177835 1
51 True 0.984081133235 1
13 True 0.993979825236 1
5 True 0.872757853097 1
11 True 0.98878012862 1
51 True 0.999942113269 1
24 True 0.980179558527 1
132 True 0.999958869968 1
12 True 0.997550927092 1
12 True 0.958301829342 1
40 True 0.999821286764 1
130 True 0.999893412427 1
116 True 0.999949517735 1
10 True 0.999659595348 1
303 True 0.999958869968 1
136 True 0.999938041929 1
56 True 0.999930198809 1
9 True 0.999546755103 1
79 True 0.999958869968 1
11 True 0.901379199658 1
6 True 0.980730499606 1
33 True 0.99892335816 1
4 True 0.521700297543 1
2 False 0.332125479523 1
3 True 0.157877971902 0
4 True 0.303166593264 0
33 False 0.975518123072 0
7 True 0.172517533518 0
5 True 0.126806539623 0
5 True 0.307280715959 0
2 False 0.998965767216 0
10 True 0.0643193877996 0
3 True 0.249054462417 0
12 True 0.0358428202261 0
11 False 0.616770635452 0
3 True 0.203528793673 0
90 False 0.878316964976 0
5 True 0.132197213882 0
7 True 0.129887437659 0
4 False 0.991933569162 0
7 False 0.754226587142 0
5 True 0.126806539623 0
4 True 0.228125266976 0
7 True 0.110586998319 0
17 False 0.986066686665 0
6 True 0.194572316743 0
3 True 0.112146168017 0
7 True 0.304664844305 0
4 True 0.201846482542 0
2 True 0.30836271215 0
29 False 0.949481463662 0
3 True 0.157877971902 0
3 True 0.0521427723079 0
4 True 0.190164889978 0
4 False 0.996702104401 0
18 False 0.845569775958 0
4 True 0.183417757808 0
5 True 0.0682656373583 0
2 True 0.492755276144 0
22 True 0.387147735012 0
6 True 0.16998063224 0
22 False 0.971164781358 0
5 True 0.264206209742 0
13 True 0.0925449436705 0
3 True 0.292883319423 0
5 True 0.132197213882 0
4 True 0.12579526231 0
6 True 0.106004476058 0
4 True 0.190164889978 0
8 True 0.247606385358 0
2 True 0.493123572201 0
2 True 0.493123572201 0
22 True 0.0235579348503 0
6 False 0.910931135977 0
7 True 0.157776524179 0
5 True 0.324215217975 0
7 False 0.896457031085 0
6 True 0.103815711344 0
7 True 0.119906771269 0
5 True 0.126806539623 0
8 True 0.341064826448 0
10 True 0.49366083131 0
2 True 0.311679531445 0
20 True 0.0690174421905 0
9 True 0.11998082982 0
6 False 0.829977720691 0
5 False 0.810728337841 0
16 False 0.998433024185 0
5 True 0.126806539623 0
20 True 0.00913768997518 0
5 True 0.190847655311 0
2 True 0.332125479523 0
2 False 0.655535981365 0
5 True 0.126806539623 0
2 False 0.844434220801 0
9 True 0.193941999554 0
3 False 0.753114513891 0
11 True 0.077584165724 0
4 False 0.786704400081 0
2 True 0.332125479523 0
2 True 0.30836271215 0
3 True 0.251944519933 0
2 True 0.281530892852 0
11 True 0.364165633308 0
12 True 0.428105173658 0
2 True 0.332125479523 0
9 True 0.0901115982118 0
4 True 0.190164889978 0
2 True 0.332125479523 0
4 True 0.190164889978 0
8 True 0.421524170478 0
8 True 0.0801226721362 0
4 True 0.190164889978 0
6 False 0.934284720089 0
5 True 0.111952395878 0
7 True 0.108265078869 0
3 True 0.157877971902 0
14 False 0.879340730938 0
3 True 0.157877971902 0
10 True 0.492263283754 0
4 True 0.228125266976 0
11 True 0.0682421995148 0
12 True 0.0487856797259 0
3 True 0.203528793673 0
6 True 0.16998063224 0
5 True 0.332014286043 0
2 True 0.332125479523 0
10 True 0.157428058032 0
4 False 0.999713040692 0
4 True 0.190164889978 0
5 False 0.623887073359 0
4 True 0.340587249069 0
4 True 0.190164889978 0
4 True 0.302562066718 0
5 False 0.734047163976 0
10 True 0.214553830424 0
22 False 0.562253300561 0
2 True 0.332125479523 0
4 True 0.250660790411 0
3 True 0.157877971902 0
7 False 0.980790706005 0
4 True 0.190164889978 0
4 True 0.335686377411 0
2 True 0.289642833617 0
10 True 0.0643193877996 0
4 False 0.865806223804 0
5 True 0.126806539623 0
8 True 0.308827819725 0
3 True 0.401313369651 0
15 True 0.397617156046 0
3 True 0.112146168017 0
7 True 0.145479110049 0
10 True 0.0438683460069 0
2 False 0.95963866654 0
16 False 0.637199553595 0
6 True 0.251891171498 0
4 True 0.201846482542 0
7 False 0.780385268881 0
5 True 0.126806539623 0
4 True 0.228125266976 0
7 True 0.082139316298 0
13 False 0.608206356734 0
2 True 0.332125479523 0
2 True 0.253623948318 0
3 True 0.203528793673 0
3 True 0.121918452912 0
3 True 0.124076125626 0
5 True 0.135958412889 0
2 False 0.693656510716 0
19 True 0.230399154178 0
4 True 0.20385316543 0
2 True 0.332125479523 0
4 True 0.106645586074 0
8 True 0.319180208758 0
9 True 0.430013187405 0
3 True 0.203528793673 0
4 True 0.190164889978 0
3 True 0.157877971902 0
2 True 0.398409120406 0
7 True 0.338883016272 0
3 True 0.157877971902 0
6 True 0.127371591652 0
3 True 0.157877971902 0
2 True 0.326111218664 0
8 True 0.281128158407 0
7 True 0.129345593525 0
32 False 0.83068518796 0
8 True 0.120192937142 0
7 True 0.172517533518 0
6 True 0.421054879812 0
3 True 0.088309622014 0
6 True 0.16998063224 0
5 True 0.178501260471 0
4 True 0.201846482542 0
5 True 0.113359382444 0
4 True 0.443290890588 0
2 True 0.332125479523 0
9 False 0.966027741153 0
3 False 0.939933052493 0
3 True 0.0406737587048 0
4 True 0.0842337595661 0
3 True 0.173507534348 0
7 True 0.0781609231048 0
5 True 0.0769180216979 0
6 False 0.782068908413 0
4 True 0.0312221181997 0
7 True 0.119906771269 0
45 True 0.0696354870875 0
7 True 0.111897026875 0
3 True 0.0891233814519 0
3 True 0.0630980524438 0
30 True 0.318707780073 0
9 False 0.88172602491 0
8 True 0.019271329932 0
9 True 0.0549355026821 0
4 True 0.190164889978 0
5 True 0.126806539623 0
6 False 0.934592327052 0
4 True 0.195492886587 0
4 False 0.525520523788 0
2 True 0.398409120406 0
4 True 0.159171552835 0
15 True 0.112654525902 0
4 True 0.190164889978 0
2 True 0.283295661802 0
3 False 0.817781947802 0
5 True 0.197610060402 0
7 True 0.363782731227 0
4 False 0.792179836528 0
37 True 0.137131579404 0
20 True 0.325638428736 0
9 True 0.402189377869 0
4 True 0.106033696155 0
14 False 0.999579317827 0
9 True 0.281417840559 0
12 True 0.33347589227 0
24 False 0.899195626919 0
4 True 0.302562066718 0
3 True 0.118991888709 0
7 True 0.129345593525 0
5 True 0.280206219668 0
2 True 0.398409120406 0
21 True 0.456582078116 0
16 True 0.107614409438 0
3 True 0.157877971902 0
3 True 0.0512157059604 0
16 True 0.173216274 0
8 True 0.245091636503 0
5 True 0.165481677491 0
40 False 0.998010393458 0
14 True 0.445266962316 0
10 True 0.0475083285236 0
2 True 0.480096034926 0
4 True 0.190164889978 0
36 False 0.99937514927 0
5 True 0.157239493102 0
10 True 0.147511616281 0
8 True 0.243592712214 0
15 False 0.984797325437 0
2 True 0.332125479523 0
13 False 0.983508728552 0
6 False 0.816343166768 0
6 True 0.144945068647 0
4 False 0.746464951072 0
12 False 0.830145812273 0
4 True 0.144161714416 0
2 True 0.362315568199 0
28 False 0.958649194142 0
4 False 0.691849467215 0
3 True 0.203528793673 0
11 False 0.827736351053 0
24 False 0.543853956795 0
2 True 0.332125479523 0
7 True 0.198880647969 0
4 True 0.225513312231 0
2 False 0.989589993297 0
5 True 0.124535264137 0
11 True 0.160578466331 0
18 True 0.0456465413079 0
9 False 0.689723367499 0
4 True 0.289818015904 0
9 True 0.113601608276 0
7 True 0.265945718319 0
9 False 0.987333439727 0
3 False 0.72842350071 0
5 True 0.165481677491 0
5 True 0.0401127684339 0
4 True 0.106033696155 0
2 False 0.948256041913 0
4 True 0.190164889978 0
2 False 0.693656510716 0
6 True 0.965926249907 1
8 False 0.497307309463 1
15 True 0.981523461529 1
26 True 0.946201338223 1
7 True 0.966693256084 1
247 True 0.999956843827 1
55 True 0.995311359735 1
3 True 0.925841367197 1
9 True 0.999666909451 1
84 True 0.99988914595 1
4 True 0.65162734328 1
51 True 0.999663348775 1
34 True 0.999804477722 1
13 True 0.987275834916 1
8 True 0.909754976809 1
163 True 0.99994560295 1
268 True 0.999956843827 1
20 True 0.989156827307 1
14 True 0.996507022573 1
8 False 0.441456592028 1
13 True 0.995274347883 1
7 True 0.52316739166 1
118 True 0.999959278816 1
98 True 0.99994560295 1
430 True 0.999871937002 1
123 True 0.999251734903 1
8 True 0.998644176131 1
35 True 0.99308918573 1
19 True 0.999667404836 1
24 True 0.998991701945 1
12 True 0.999414592912 1
6 True 0.976339683149 1
10 True 0.89543194845 1
15 True 0.770794540913 1
6 False 0.0997055236319 1
182 True 0.999899291367 1
18 True 0.997473020675 1
5 True 0.991141904175 1
5 False 0.329955168992 1
13 True 0.998452883483 1
22 True 0.977944475465 1
2 True 0.976755395621 1
118 True 0.9999496585 1
8 True 0.738846350178 1
7 True 0.904801330686 1
177 True 0.999956843827 1
7 True 0.942711304123 1
12 True 0.999181377729 1
11 False 0.432070802119 1
13 True 0.849165481738 1
314 True 0.999942026371 1
51 True 0.999957880155 1
26 True 0.999960279415 1
303 True 0.999956843827 1
5 True 0.692630916507 1
122 True 0.999956843827 1
16 True 0.988146219163 1
4 False 0.0554747937812 1
3 False 0.156632985608 1
7 True 0.999930429127 1
2 False 0.286018769187 1
8 False 0.0814966902914 1
2 True 0.547189721569 1
160 True 0.999956843827 1
81 True 0.999893934813 1
50 True 0.999957880155 1
2 False 0.286018769187 1
22 True 0.993222281975 1
4 False 0.0583364794254 1
23 True 0.999310286753 1
57 True 0.999882524915 1
150 True 0.999884976009 1
61 True 0.998957274134 1
18 True 0.992302226386 1
94 True 0.999937844915 1
10 True 0.989084660881 1
176 True 0.999882524915 1
73 True 0.99988914595 1
21 True 0.983483175015 1
8 True 0.949497431064 1
11 True 0.913320580918 1
3 True 0.869814586446 1
202 True 0.9999496585 1
61 True 0.999736994964 1
4 False 0.250056955443 1
129 True 0.99995058165 1
20 True 0.999941584973 1
2 True 0.60731480566 1
93 True 0.999921127453 1
8 True 0.933354140562 1
3 True 0.993765239793 1
8 True 0.81506569918 1
22 True 0.999573964544 1
2 False 0.428714316611 1
2 False 0.286018769187 1
1145 True 0.999829651996 1
55 True 0.999903786766 1
13 True 0.986554119591 1
72 True 0.999882524915 1
4 True 0.990176624697 1
30 True 0.999958381113 1
3 True 0.932712935831 1
2 True 0.556969359079 1
137 True 0.999736994964 1
16 True 0.983142324048 1
13 False 0.309251901582 1
7 False 0.122873396106 1
426 True 0.999904666864 1
14 True 0.998077910108 1
4 False 0.222516507338 1
41 True 0.86943026221 1
17 True 0.849027117995 1
94 True 0.999956843827 1
5 True 0.638200081911 1
182 True 0.999956843827 1
7 False 0.26637267639 1
4 False 0.185134581353 1
3 False 0.475739465281 1
2 True 0.909398612471 1
16 True 0.996367795318 1
145 True 0.999899291367 1
22 True 0.997469323963 1
472 True 0.999742568387 1
37 True 0.999631213426 1
30 True 0.999901872752 1
3 False 0.211167666531 1
20 True 0.819318837423 1
6 True 0.996452227425 1
16 True 0.994493897696 1
6 True 0.589219956117 1
137 True 0.999923502116 1
33 True 0.760097917258 1
11 True 0.719974904152 1
12 True 0.744992737434 1
2 True 0.941037887826 1
16 True 0.988672670349 1
24 True 0.999573964544 1
41 True 0.999469141338 1
5 True 0.826213495595 1
20 True 0.896908833566 1
8 True 0.766468195811 1
50 True 0.999773117783 1
209 True 0.999899291367 1
525 True 0.999824109504 1
12 True 0.920729680562 1
1 True 0.981613316599 1
43 True 0.998693629249 1
34 True 0.999832020365 1
2 False 0.407588295065 1
40 True 0.999949811784 1
6 False 0.141212641924 1
4 False 0.437891535424 1
8 True 0.916740854515 1
38 True 0.999848465846 1
6 True 0.999149048391 1
3 True 0.530850358363 1
40 True 0.994286336382 1
52 True 0.999908268485 1
161 True 0.9999496585 1
8 True 0.995916139348 1
45 True 0.999787807554 1
8 False 0.114151321389 1
142 True 0.999883490848 1
15 True 0.99996364795 1
228 True 0.999899291367 1
4 False 0.235718581866 1
117 True 0.999920748222 1
26 True 0.98610214095 1
48 True 0.999674737233 1
17 True 0.999530114003 1
88 True 0.999953642503 1
27 True 0.868807891898 1
3 True 0.631730534905 1
19 True 0.994515516208 1
23 True 0.99978088699 1
8 True 0.970939799082 1
6 True 0.999599185284 1
18 True 0.864726371284 1
2 True 0.976755395621 1
20 False 0.322784885999 1
1 True 0.919385537259 1
12 False 0.184349833891 1
311 True 0.999942026371 1
198 True 0.999952495987 1
588 True 0.999904666864 1
17 True 0.999258326304 1
15 True 0.994707398963 1
46 True 0.999516883037 1
53 True 0.999712636699 1
2 False 0.221632652198 1
32 True 0.981144329637 1
123 True 0.999956843827 1
28 True 0.998100774568 1
35 True 0.99994900887 1
58 True 0.9999496585 1
2 True 0.937607525923 1
90 True 0.999956843827 1
166 True 0.999882524915 1
723 True 0.999871937002 1
27 True 0.997910665633 1
60 True 0.999883490848 1
8 True 0.959086670141 1
3 False 0.475739465281 1
2 False 0.361288362588 1
18 True 0.953777162291 1
221 True 0.999956843827 1
28 True 0.68160832452 1
26 True 0.99995829745 1
744 True 0.999904666864 1
292 True 0.999930493394 1
338 True 0.999904666864 1
11 True 0.988716015493 1
64 True 0.999741888632 1
27 True 0.994559149704 1
114 True 0.999883490848 1
84 True 0.999767053964 1
3 False 0.322154205815 1
104 True 0.999942353756 1
2 True 0.987225255742 1
4 True 0.979963140637 1
415 True 0.999904666864 1
16 True 0.998171393701 1
112 True 0.999582567027 1
25 False 0.264475639688 1
124 True 0.999940015305 1
191 True 0.999882524915 1
10 True 0.996864440813 1
20 False 0.138541533286 1
10 False 0.300943898671 1
20 True 0.965390907519 1
214 True 0.999956843827 1
59 True 0.999894057214 1
21 True 0.995784391338 1
24 True 0.955387184266 1
196 True 0.999899291367 1
19 True 0.999813355508 1
18 True 0.999585042878 1
9 True 0.999788806185 1
20 True 0.999918977796 1
5 True 0.997770104294 1
24 True 0.996466500491 1
199 True 0.999956843827 1
30 True 0.962512379818 1
1 True 0.919385537259 1
9 False 0.26902975661 1
346 True 0.999904666864 1
62 True 0.999956843827 1
2 True 0.99541167285 1
7 False 0.472700333174 1
26 True 0.901322320187 1
11 True 0.816423637719 1
260 True 0.999956843827 1
5 False 0.108499095958 1
31 True 0.999951913437 1
73 True 0.994000357747 1
104 True 0.999956843827 1
6 True 0.885370972004 1
21 True 0.998585596108 1
29 False 0.129635931567 1
502 True 0.999904666864 1
2 False 0.286018769187 1
201 True 0.999956843827 1
14 True 0.996168454074 1
14 True 0.997262826481 1
182 True 0.999956843827 1
37 True 0.999603106231 1
10 False 0.0353857716121 1
3 False 0.134275597333 1
24 True 0.998934552218 1
136 True 0.999930493394 1
26 True 0.994823994446 1
6 True 0.980232704155 1
8 False 0.153492928005 1
18 False 0.263075149303 1
11 True 0.995543250199 1
8 True 0.585933888459 1
11 False 0.347103120041 1
34 True 0.957808980681 1
2 False 0.286018769187 1
119 True 0.999950072458 1
6 True 0.932508147652 1
17 True 0.812500270199 1
214 True 0.999884976009 1
3 False 0.189873564838 1
4 True 0.973188980625 1
128 True 0.999899291367 1
2 True 0.973901167546 1
2 False 0.108534643465 1
11 True 0.99965218695 1
126 True 0.999921127453 1
3 True 0.82336314926 1
79 True 0.9999496585 1
458 True 0.999904666864 1
35 True 0.999761306321 1
48 True 0.999596885124 1
11 True 0.990383243362 1
17 True 0.997724764707 1
6 False 0.141591782408 1
21 True 0.999616769046 1
27 True 0.993169066307 1
19 True 0.999823122987 1
8 True 0.974011404819 1
14 True 0.900427735312 1
6 True 0.998743061871 1
81 True 0.999956843827 1
10 True 0.859550412644 1
24 True 0.98409523558 1
13 False 0.239331708019 1
306 True 0.999956843827 1
138 True 0.999908384351 1
18 True 0.999613282587 1
13 True 0.952823076698 1
6 True 0.97842480325 1
6 False 0.158069028264 1
355 True 0.999904666864 1
7 True 0.993186411066 1
27 True 0.997972710759 1
66 True 0.997470925565 1
26 True 0.99979213513 1
12 True 0.877103747438 1
51 True 0.999751816204 1
20 True 0.986806125802 1
131 True 0.999813834932 1
17 True 0.999934965943 1
141 True 0.999899291367 1
2 True 0.903742676333 1
48 True 0.999695681211 1
11 True 0.999572745851 1
18 True 0.993097093818 1
42 True 0.998322479343 1
4 True 0.685438821823 1
60 True 0.999587122092 1
107 True 0.999930493394 1
208 True 0.999855359612 1
131 True 0.9999496585 1
34 True 0.999950867364 1
2 True 0.547189721569 1
13 True 0.998784952151 1
20 True 0.99942143144 1
2 False 0.361288362588 1
2 False 0.407588295065 1
15 True 0.999745396261 1
3 True 0.985639108175 1
435 True 0.999904666864 1
5 False 0.0653020259788 1
6 False 0.381060810801 1
332 True 0.99941358778 1
8 True 0.518517184482 1
242 True 0.999956843827 1
6 True 0.99601827088 1
92 True 0.999720055608 1
231 True 0.999942026371 1
8 True 0.996831096408 1
93 True 0.999956843827 1
2 True 0.998748513306 1
139 True 0.999956843827 1
2 False 0.286018769187 1
2 False 0.390117916964 1
52 True 0.999957880155 1
15 True 0.996985824802 1
27 False 0.317371033736 1
2 False 0.451368646994 1
15 True 0.998425298027 1
169 True 0.999956843827 1
8 True 0.988567090733 1
465 True 0.999871937002 1
208 True 0.999899291367 1
26 True 0.99994368458 1
74 True 0.999691934088 1
4 False 0.442258945659 1
76 True 0.9999496585 1
3 False 0.180453960922 1
15 True 0.901115721823 1
56 True 0.999899291367 1
2 True 0.968153670631 1
6 False 0.492165774149 1
11 True 0.854934342312 1
42 True 0.99988657331 1
15 True 0.76172550996 1
24 True 0.99438773337 1
109 True 0.997442736431 1
3 False 0.20609635544 1
599 True 0.999904666864 1
272 True 0.999956843827 1
11 False 0.34631789721 1
588 True 0.999904666864 1
47 True 0.999816315171 1
99 True 0.9999496585 1
6 False 0.176685616461 1
1008 True 0.999824109504 1
150 True 0.999899291367 1
102 True 0.995766555933 1
12 True 0.997352103023 1
3 False 0.108227169052 1
26 True 0.999582573931 1
40 True 0.999704511571 1
5 False 0.0511394986419 1
29 True 0.977130141009 1
26 True 0.975718589674 1
102 True 0.999956843827 1
8 True 0.915660769262 1
21 True 0.993547675512 1
13 True 0.9994579028 1
131 True 0.999774527272 1
9 True 0.996654156979 1
3 True 0.681523457864 1
94 True 0.99982114553 1
114 True 0.99611028245 1
27 True 0.999409371474 1
71 True 0.999669744174 1
2 True 0.879667475245 1
18 True 0.995381271272 1
3 True 0.972506107432 1
15 True 0.767620685203 1
64 True 0.999882524915 1
154 True 0.999884976009 1
30 True 0.999857540782 1
28 True 0.901335006275 1
21 True 0.999211372486 1
2 True 0.995241906676 1
53 True 0.999818885057 1
80 True 0.999854690853 1
5 True 0.94191367372 1
2 True 0.963138310581 1
8 True 0.935138545033 1
81 True 0.999956843827 1
30 True 0.995797527988 1
2 True 0.802546534533 1
74 True 0.998625079223 1
33 True 0.996791727569 1
6 True 0.863349131065 1
96 True 0.9999496585 1
8 True 0.966962107353 1
68 True 0.999948965422 1
326 True 0.999785342808 1
41 False 0.445760413285 1
269 True 0.999956843827 1
23 True 0.994149711452 1
26 True 0.991865695713 1
129 True 0.999899291367 1
6 False 0.381060810801 1
168 True 0.9999496585 1
79 True 0.999632982196 1
9 True 0.974234359491 1
2 True 0.993707562441 1
28 True 0.999409671201 1
2 True 0.958904511222 1
91 True 0.999781129205 1
3 False 0.189873564838 1
16 True 0.623453597928 1
15 True 0.995227617338 1
4 False 0.456455202697 1
513 True 0.999904666864 1
72 True 0.9999496585 1
33 True 0.99952312612 1
11 True 0.993119651805 1
144 True 0.999884976009 1
48 True 0.999914318247 1
2 True 0.926102240632 1
30 True 0.99111055376 1
21 True 0.999433807923 1
20 True 0.999654668377 1
8 True 0.999785750064 1
9 True 0.84529582888 1
114 True 0.999884976009 1
105 True 0.999425764823 1
5 True 0.980375126486 1
78 True 0.990423886198 1
4 True 0.310208794347 0
2 False 0.731267181683 0
4 True 0.44858503356 0
5 False 0.768320854527 0
6 True 0.155496515751 0
7 False 0.804170707742 0
3 True 0.298083207877 0
5 True 0.108499095958 0
2 False 0.528550831806 0
2 True 0.361288362588 0
13 True 0.238713503847 0
7 False 0.962938811437 0
16 False 0.99911598765 0
2 True 0.337159739941 0
7 True 0.117516793958 0
3 True 0.0478826985417 0
2 True 0.286018769187 0
4 False 0.928111533033 0
4 True 0.207685832975 0
6 True 0.136246504827 0
9 False 0.610429245458 0
6 True 0.176685616461 0
54 False 0.999660953709 0
3 True 0.25029041078 0
24 True 0.019953099848 0
15 False 0.527348205977 0
7 False 0.948991230567 0
2 True 0.286018769187 0
3 True 0.189873564838 0
7 False 0.991403073788 0
3 True 0.475739465281 0
3 True 0.211167666531 0
5 True 0.347122163072 0
69 False 0.961964752722 0
7 False 0.964188038267 0
4 True 0.0708870452433 0
20 True 0.276578933606 0
7 True 0.165569833608 0
7 True 0.161708053273 0
2 False 0.894149062892 0
5 True 0.290933283944 0
14 False 0.808052799454 0
4 True 0.222516507338 0
3 False 0.831784945398 0
3 True 0.180453960922 0
25 False 0.780066760802 0
17 False 0.768898240622 0
2 True 0.286018769187 0
3 True 0.211167666531 0
13 False 0.829161592799 0
4 True 0.18871973096 0
2 False 0.974673037842 0
28 False 0.985811480056 0
20 False 0.965597772899 0
3 True 0.25029041078 0
6 False 0.568454617189 0
5 True 0.260212579954 0
7 True 0.161708053273 0
3 True 0.154159721473 0
5 True 0.108499095958 0
60 True 0.455753107941 0
6 True 0.0912710241872 0
8 True 0.154848644258 0
11 False 0.665643715761 0
3 True 0.211167666531 0
2 True 0.355969341696 0
2 False 0.599402617168 0
2 False 0.658133221075 0
4 False 0.78551576359 0
4 True 0.222516507338 0
11 True 0.0689103260382 0
3 True 0.211167666531 0
37 True 0.276493057447 0
12 True 0.0687070833162 0
3 True 0.211167666531 0
2 True 0.454798188703 0
6 True 0.275238419778 0
15 True 0.251868799907 0
15 False 0.626052962298 0
3 False 0.73828822127 0
7 True 0.184315274495 0
2 False 0.861380096581 0
8 True 0.0523279415781 0
13 False 0.694370931183 0
8 True 0.260601755978 0
4 True 0.185134581353 0
4 True 0.152344079381 0
2 False 0.842221834901 0
4 True 0.18871973096 0
11 True 0.0186521189947 0
2 True 0.286018769187 0
16 False 0.700478894868 0
43 False 0.980982398341 0
4 True 0.146438980443 0
6 True 0.158069028264 0
45 True 0.32179198227 0
2 True 0.390117916964 0
2 True 0.286018769187 0
16 True 0.368123593947 0
3 True 0.211167666531 0
2 True 0.286018769187 0
5 True 0.10769446236 0
5 True 0.175054425626 0
8 True 0.169581224382 0
41 False 0.991044530214 0
4 False 0.633932295958 0
7 True 0.184315274495 0
21 True 0.224751658832 0
3 True 0.211167666531 0
5 False 0.662780376947 0
11 True 0.0666383301927 0
4 True 0.185134581353 0
2 False 0.654963511785 0
29 False 0.892591004827 0
25 False 0.876079132632 0
8 True 0.267136728206 0
17 False 0.693465320319 0
13 False 0.518207344905 0
4 True 0.185134581353 0
4 True 0.222516507338 0
5 False 0.859114701856 0
10 True 0.052306525657 0
10 True 0.1275864111 0
7 False 0.825986775794 0
2 True 0.286018769187 0
7 True 0.423479385297 0
67 False 0.997937775009 0
3 True 0.211167666531 0
3 True 0.20609635544 0
5 True 0.135112584798 0
5 True 0.179444771526 0
9 False 0.530047064153 0
4 True 0.222516507338 0
6 False 0.941602869306 0
9 True 0.120303700705 0
4 True 0.285951886069 0
8 True 0.0991351649089 0
7 True 0.313789342713 0
3 True 0.211167666531 0
2 False 0.590852042375 0
3 True 0.211167666531 0
5 False 0.93022761824 0
3 True 0.211167666531 0
3 True 0.211167666531 0
8 True 0.219960439732 0
4 False 0.631981967447 0
4 True 0.222516507338 0
8 True 0.196045768273 0
2 True 0.286018769187 0
2 True 0.286018769187 0
7 True 0.184315274495 0
21 False 0.996986831588 0
2 True 0.286018769187 0
4 True 0.195617184045 0
40 False 0.941521544062 0
14 False 0.992194257975 0
3 True 0.211167666531 0
74 False 0.99804691865 0
7 True 0.379919925035 0
5 False 0.890199509251 0
2 False 0.756030363442 0
2 True 0.419295119023 0
2 True 0.286018769187 0
3 True 0.211167666531 0
6 True 0.137498277279 0
5 True 0.23397314831 0
7 True 0.160344498744 0
4 True 0.222516507338 0
2 True 0.286018769187 0
7 False 0.616856160471 0
6 True 0.137498277279 0
4 True 0.223966165396 0
16 False 0.568372138709 0
7 True 0.143739347876 0
3 True 0.158078814873 0
4 True 0.222516507338 0
5 False 0.995556484167 0
2 True 0.221632652198 0
4 True 0.0614458369099 0
4 True 0.222516507338 0
5 True 0.0978892202252 0
9 False 0.59755367138 0
3 True 0.211167666531 0
10 True 0.0593366370538 0
27 True 0.161839651954 0
4 True 0.140821985495 0
5 True 0.203397557153 0
3 True 0.161552622553 0
4 True 0.165586456463 0
14 True 0.323542426352 0
92 False 0.737671404329 0
5 True 0.10769446236 0
6 True 0.237630431262 0
3 True 0.189873564838 0
12 True 0.126843313492 0
8 True 0.359283213629 0
5 False 0.82628889705 0
3 True 0.11998479775 0
7 True 0.161708053273 0
16 True 0.413078598337 0
4 True 0.139792314212 0
4 True 0.116352739049 0
13 True 0.274437758151 0
9 True 0.0983902036005 0
8 True 0.403833985895 0
2 True 0.440592726841 0
5 True 0.225590570907 0
6 True 0.207007327941 0
2 True 0.355969341696 0
7 False 0.968001319184 0
5 True 0.108499095958 0
2 False 0.60731480566 0
3 True 0.228517406729 0
5 True 0.311710490589 0
11 True 0.093703230414 0
2 True 0.346918618816 0
4 True 0.222516507338 0
9 False 0.738477420705 0
15 False 0.857170303411 0
9 True 0.249326994663 0
2 True 0.419295119023 0
9 True 0.120303700705 0
22 False 0.78571860771 0
8 False 0.662272682763 0
7 False 0.901950201283 0
7 True 0.436373271189 0
68 False 0.998472537471 0
13 False 0.852225699885 0
3 True 0.154159721473 0
4 True 0.222516507338 0
4 True 0.222516507338 0
4 True 0.140821985495 0
8 False 0.940477254036 0
5 True 0.0978892202252 0
3 True 0.201749658339 0
4 False 0.64260289818 0
8 True 0.217584913754 0
7 True 0.160344498744 0
8 True 0.243822084767 0
13 False 0.505847642308 0
5 True 0.137415971533 0
3 True 0.0275538142976 0
11 True 0.093703230414 0
12 False 0.619483426631 0
5 True 0.241782734526 0
2 True 0.406497703606 0
22 False 0.933769622255 0
25 True 0.0140370369186 0
23 True 0.0198297530258 0
7 True 0.160344498744 0
13 True 0.466374324106 0
7 True 0.235142214107 0
4 True 0.222516507338 0
5 True 0.10769446236 0
5 True 0.200993860372 0
4 True 0.222516507338 0
6 True 0.158069028264 0
11 True 0.15811618116 0
3 True 0.189873564838 0
8 True 0.0645511056462 0
16 True 0.0840650931104 0
7 True 0.161708053273 0
7 True 0.429503266992 0
6 True 0.136246504827 0
5 True 0.0978892202252 0
3 True 0.151294071852 0
7 False 0.84786712816 0
166 True 0.99968831467 1
429 True 0.999888351122 1
16 True 0.991357549739 1
34 True 0.999688328589 1
40 True 0.99869080547 1
182 True 0.999934717928 1
13 True 0.992547244877 1
32 True 0.998326807369 1
35 True 0.99997316779 1
142 True 0.999915327197 1
8 True 0.576882518102 1
47 True 0.998902921054 1
13 False 0.0254798122436 1
5 True 0.5493769361 1
287 True 0.999600728117 1
2 True 0.954005061144 1
10 True 0.983478109775 1
34 True 0.988664802328 1
13 True 0.880507996844 1
16 False 0.0777617403048 1
73 True 0.999368880793 1
137 True 0.999549543069 1
104 True 0.999889674726 1
10 False 0.05242280287 1
4 False 0.150695718681 1
465 True 0.999888351122 1
5 False 0.357690376353 1
67 True 0.999595930164 1
4 True 0.995585385616 1
4 True 0.992058657305 1
2 True 0.963168978094 1
6 True 0.923068466375 1
192 True 0.999934717928 1
61 True 0.998767712945 1
14 True 0.999906619606 1
4 False 0.179693679518 1
3 True 0.709776972557 1
10 True 0.98945327728 1
23 True 0.998952108631 1
415 True 0.999888351122 1
113 True 0.999910811418 1
2 True 0.806497170449 1
74 True 0.999648143274 1
227 True 0.999934717928 1
8 True 0.960245727173 1
3 False 0.0595025661937 1
13 True 0.993612101808 1
3 True 0.531375095351 1
6 False 0.0482626317283 1
3 False 0.187750092459 1
128 True 0.99968831467 1
13 True 0.999892767443 1
8 True 0.692784266783 1
11 True 0.690702736346 1
28 True 0.559879946937 1
18 True 0.991257549891 1
18 True 0.999700262691 1
2 True 0.875172408539 1
96 True 0.999952678162 1
2 False 0.282288474843 1
6 True 0.534881477365 1
4 False 0.179693679518 1
46 True 0.99990588302 1
27 True 0.888581674952 1
11 True 0.956273372884 1
2 True 0.92969218283 1
2 True 0.980108405009 1
3 False 0.184665859213 1
18 True 0.968700384977 1
268 True 0.999934717928 1
45 True 0.99881934169 1
316 True 0.999939744147 1
8 True 0.994404975128 1
24 True 0.972297121062 1
160 True 0.999915014304 1
2 False 0.376066710036 1
426 True 0.999888351122 1
88 True 0.999937807224 1
28 True 0.99978525294 1
68 True 0.99859143344 1
6 False 0.0726921558537 1
38 True 0.998759792114 1
15 True 0.99994594421 1
7 False 0.462842872932 1
4 False 0.103458581767 1
18 True 0.999808364735 1
2 True 0.930559594696 1
215 True 0.999916578687 1
6 True 0.999499405481 1
5 False 0.194417232453 1
18 True 0.999930642889 1
101 True 0.999323864674 1
5 True 0.989694607518 1
7 True 0.563092916383 1
11 True 0.984514503476 1
4 False 0.114575474753 1
3 False 0.0323505562626 1
79 False 0.18752031646 1
52 True 0.999822185191 1
4 True 0.627083559161 1
5 False 0.131674145937 1
3 False 0.200119509073 1
6 True 0.927383327301 1
54 True 0.99980746576 1
114 True 0.999938984127 1
126 True 0.999880857562 1
11 True 0.989656964044 1
225 True 0.999715234769 1
99 True 0.999920247905 1
19 True 0.999648446649 1
15 True 0.996358038611 1
23 True 0.997958846598 1
13 False 0.0446887517861 1
67 True 0.999708028648 1
3 False 0.412876118428 1
18 True 0.997208608126 1
21 True 0.999294427123 1
12 True 0.738964127983 1
8 True 0.55692549121 1
60 True 0.999647166309 1
15 True 0.945103023346 1
303 True 0.999934717928 1
21 True 0.990818280051 1
542 True 0.999888351122 1
38 True 0.999459374821 1
44 True 0.99848922495 1
94 True 0.99992950035 1
27 True 0.995649807191 1
7 False 0.100261615238 1
122 True 0.999048541385 1
14 False 0.0965435868036 1
11 True 0.942473629811 1
3 False 0.200119509073 1
9 True 0.639512822699 1
25 True 0.999946289918 1
21 True 0.991645391853 1
3 False 0.184665859213 1
2 False 0.282288474843 1
78 True 0.999920568037 1
4 True 0.954640033045 1
87 True 0.999889674726 1
19 True 0.990084985998 1
10 True 0.988024901443 1
4 True 0.745345063584 1
2 True 0.809690509001 1
444 True 0.999888351122 1
3 False 0.120673676424 1
154 True 0.999626812485 1
7 True 0.637595341132 1
52 True 0.999925884347 1
2 False 0.282288474843 1
6 False 0.30328928925 1
19 True 0.999754337829 1
2 False 0.282288474843 1
94 True 0.999879395008 1
4 True 0.9996907314 1
7 False 0.22396932074 1
355 True 0.999888351122 1
6 True 0.891779505009 1
16 True 0.872376601658 1
5 True 0.828421011176 1
91 True 0.999777557124 1
9 True 0.776629633836 1
165 True 0.999938984127 1
96 True 0.998771384899 1
14 True 0.996108472708 1
102 True 0.912603991 1
513 True 0.999888351122 1
8 True 0.734133254971 1
103 True 0.99994859161 1
8 True 0.999231517654 1
14 True 0.571816057096 1
61 True 0.999604085822 1
26 True 0.965771943177 1
51 True 0.999934717928 1
21 True 0.996332906492 1
12 True 0.716040400872 1
3 True 0.995383293138 1
67 True 0.999872009661 1
19 True 0.932105869196 1
2 False 0.0873887130134 1
33 True 0.988870979247 1
26 True 0.996316918691 1
32 True 0.999752851145 1
5 True 0.987209738421 1
11 True 0.999887257623 1
2 True 0.971401289366 1
128 True 0.994570538239 1
34 True 0.999732469889 1
6 False 0.30328928925 1
2 False 0.282288474843 1
42 True 0.979284051616 1
65 True 0.999937807224 1
39 True 0.999933061645 1
143 True 0.999934717928 1
322 True 0.999921333723 1
24 True 0.99853911498 1
8 True 0.942996557164 1
102 True 0.999600728117 1
13 True 0.99971204626 1
2 True 0.980318124992 1
6 False 0.203853023312 1
9 True 0.996839578136 1
29 True 0.991887789281 1
2 False 0.282288474843 1
27 True 0.996485398221 1
72 True 0.999600728117 1
26 True 0.999903228975 1
208 True 0.99939956637 1
231 True 0.999934717928 1
99 True 0.987260241009 1
5 True 0.510658812932 1
6 True 0.95466595003 1
10 True 0.999863635964 1
26 True 0.999939526211 1
3 True 0.536144691434 1
10 True 0.999409909852 1
17 True 0.999153364776 1
588 True 0.999888351122 1
3 True 0.941954619362 1
6 False 0.389920969458 1
11 True 0.933682009795 1
32 True 0.999687960422 1
2 True 0.982433546956 1
55 True 0.999933075101 1
10 True 0.978336126797 1
2 True 0.982433546956 1
10 False 0.37112328347 1
48 True 0.999323985484 1
6 True 0.989807284646 1
323 True 0.999888351122 1
1 True 0.968675505219 1
74 True 0.99969352908 1
30 False 0.375518677936 1
76 True 0.999934717928 1
10 True 0.97207050693 1
40 True 0.999827279343 1
12 True 0.999101283709 1
214 True 0.999602642555 1
37 True 0.999749420216 1
2 True 0.999696661187 1
17 True 0.999848831081 1
11 True 0.937820436062 1
38 True 0.998243841829 1
7 True 0.679097532676 1
6 False 0.473550755332 1
12 True 0.84161667931 1
2 True 0.819056428752 1
6 True 0.996132048396 1
171 True 0.999935828256 1
2 True 0.981045092735 1
2 False 0.282288474843 1
2 False 0.2612527804 1
3 True 0.943820690317 1
6 True 0.999526266532 1
17 True 0.99931688166 1
6 True 0.995364368004 1
64 True 0.999945971827 1
7 False 0.0880222042367 1
2 False 0.0879897305254 1
17 True 0.988789649904 1
93 True 0.99992950035 1
8 True 0.951074998899 1
51 True 0.999666220772 1
53 True 0.999050964391 1
41 True 0.998314361257 1
15 True 0.99961424063 1
12 True 0.955958305874 1
43 True 0.999865510079 1
61 True 0.999826269043 1
4 False 0.354410542348 1
7 True 0.998577217729 1
13 True 0.975397131863 1
14 False 0.0260740327646 1
13 True 0.996328109594 1
21 True 0.996106800127 1
31 True 0.999881666695 1
5 False 0.324521806315 1
39 True 0.999764955747 1
6 False 0.490628450384 1
314 True 0.999934717928 1
2 True 0.97920325105 1
14 True 0.99962620464 1
2 False 0.0050208661149 1
6 True 0.985980594954 1
13 False 0.00918062962426 1
69 True 0.998882643354 1
109 True 0.999711582632 1
25 True 0.882308832659 1
670 True 0.999888351122 1
55 True 0.999376630828 1
3 False 0.455194049709 1
12 True 0.999560674194 1
212 True 0.999599899256 1
2 True 0.986582990824 1
30 True 0.999928677303 1
8 True 0.995401965965 1
5 True 0.889983552011 1
16 True 0.997618398992 1
8 True 0.852680760729 1
289 True 0.999600728117 1
13 True 0.998363744053 1
5 True 0.995505683261 1
17 True 0.994046579973 1
35 True 0.999923722026 1
4 False 0.179693679518 1
3 True 0.571278688583 1
119 True 0.999823529271 1
4 True 0.985923201499 1
16 True 0.979374678536 1
2 False 0.321606111055 1
65 True 0.995931092104 1
12 True 0.975543507016 1
13 True 0.680863180891 1
98 True 0.99992074393 1
2 False 0.321606111055 1
22 True 0.998961022142 1
5 True 0.786798440697 1
20 True 0.999799304284 1
5 False 0.295569731459 1
4 False 0.357078297643 1
1 True 0.980547625938 1
2 False 0.00345221228897 1
30 True 0.999710377673 1
11 True 0.669797868055 1
20 True 0.996294739036 1
79 True 0.999938984127 1
6 True 0.985748072455 1
3 True 0.82441724081 1
9 False 0.142892881885 1
8 False 0.236271048649 1
3 True 0.797842193468 1
3 False 0.170544836944 1
34 True 0.999683302546 1
132 True 0.999937807224 1
117 True 0.999694960341 1
3 False 0.43195812127 1
18 False 0.0741696045992 1
7 False 0.106467378833 1
55 True 0.999902340145 1
5 True 0.958271323263 1
102 True 0.999780374031 1
2 False 0.282288474843 1
21 True 0.994934517479 1
272 True 0.999938984127 1
177 True 0.999934717928 1
4 True 0.536359832939 1
37 True 0.997133118362 1
2 False 0.286000093843 1
393 True 0.999888351122 1
96 True 0.999956526993 1
10 True 0.999258846188 1
3 True 0.664158559146 1
235 True 0.999934717928 1
7 True 0.999639971011 1
16 True 0.995229542901 1
5 False 0.101446325547 1
1087 True 0.999888351122 1
3 False 0.200119509073 1
5 True 0.996019307629 1
2 True 0.789842335708 1
55 True 0.999642621912 1
14 True 0.577667502122 1
21 True 0.999883662771 1
3 False 0.0173412539883 1
64 True 0.999554682959 1
16 True 0.999714413222 1
3 True 0.979984721015 1
3 True 0.990982518436 1
60 True 0.998822469434 1
26 True 0.748926243496 1
83 True 0.999600728117 1
3 False 0.147133290421 1
191 True 0.999707566351 1
60 True 0.996337162544 1
33 True 0.984320382052 1
6 True 0.655329120267 1
4 False 0.181768147264 1
11 True 0.999888443595 1
6 True 0.999924858535 1
5 True 0.938005968011 1
6 True 0.803409689819 1
36 True 0.97328036828 1
8 False 0.440228148451 1
11 True 0.999954469193 1
193 True 0.999934717928 1
280 True 0.999503565148 1
11 True 0.559827144637 1
10 True 0.991200201062 1
151 True 0.999934717928 1
55 True 0.999060849867 1
14 True 0.999791056888 1
107 True 0.999934717928 1
30 True 0.802455345607 1
102 True 0.999938984127 1
8 True 0.999517303627 1
99 True 0.999942019387 1
24 True 0.999409125798 1
34 True 0.999964514737 1
133 True 0.999934717928 1
10 False 0.0387075728697 1
105 True 0.99988178371 1
24 True 0.997656673858 1
17 True 0.999793703412 1
160 True 0.999934717928 1
49 True 0.999917412023 1
13 True 0.998505105444 1
9 True 0.999653902782 1
8 True 0.842856391037 1
27 True 0.985706781454 1
18 True 0.974712901883 1
167 True 0.999600728117 1
23 True 0.90122848189 1
2 True 0.890978640088 1
287 True 0.999934717928 1
3 True 0.797842193468 1
2 False 0.0742111109682 1
7 False 0.15878072103 1
28 True 0.99747377264 1
18 True 0.999093985673 1
45 True 0.998829196902 1
2 False 0.282288474843 1
222 True 0.999600728117 1
216 True 0.999711582632 1
94 True 0.999920237912 1
15 True 0.998616736016 1
2 False 0.283868164382 1
144 True 0.999640232997 1
17 False 0.445141902774 1
35 True 0.997637830334 1
8 True 0.87408011383 1
18 True 0.997694121415 1
87 True 0.999941871549 1
13 True 0.98828975387 1
626 True 0.999816650369 1
138 True 0.999279653788 1
55 True 0.999001727542 1
17 True 0.999950335076 1
51 True 0.999926938757 1
60 True 0.999114996772 1
41 True 0.999335765214 1
11 True 0.961542183628 1
45 True 0.819730227481 1
18 True 0.999912001638 1
135 True 0.999934717928 1
167 True 0.999933075101 1
3 False 0.120673676424 1
105 True 0.999559511245 1
22 True 0.999282631421 1
4 True 0.784383449963 1
7 True 0.978506334557 1
86 True 0.999599740458 1
3 True 0.531375095351 1
23 True 0.999844270431 1
11 False 0.171093276659 1
202 True 0.999956180458 1
13 False 0.138684873071 1
524 True 0.999888351122 1
123 True 0.999731662596 1
5 False 0.0788451659244 1
7 True 0.988669867785 1
7 True 0.997718703466 1
22 False 0.457270369654 1
30 True 0.999597930726 1
1 True 0.99189908588 1
15 True 0.983059736203 1
14 True 0.973878211936 1
10 True 0.911472666385 1
4 True 0.179693679518 0
4 True 0.179693679518 0
4 True 0.179693679518 0
11 True 0.327274583735 0
20 True 0.171307398808 0
3 True 0.200119509073 0
4 True 0.128464153125 0
3 False 0.832755632636 0
7 True 0.151362748874 0
25 True 0.00972397967573 0
9 False 0.542421715281 0
5 True 0.0727201171928 0
5 True 0.0862110402558 0
9 True 0.2057437231 0
3 True 0.133965571672 0
9 True 0.221182922278 0
5 True 0.202035275126 0
2 True 0.282288474843 0
14 True 0.0602785174603 0
7 False 0.756829814627 0
6 False 0.521146748524 0
4 True 0.162549249638 0
4 True 0.179693679518 0
2 True 0.2612527804 0
15 False 0.950706104409 0
7 False 0.762067694107 0
5 True 0.0881552914012 0
7 True 0.183716186996 0
3 True 0.203050312298 0
8 True 0.255854117866 0
4 True 0.179693679518 0
21 False 0.70827053448 0
3 True 0.200119509073 0
4 True 0.319286558562 0
8 True 0.0852362527449 0
11 False 0.973018732042 0
4 True 0.186233532939 0
6 True 0.396136329135 0
4 True 0.0163213418323 0
4 True 0.354410542348 0
2 False 0.93706322087 0
22 False 0.523560890011 0
6 True 0.177938071697 0
11 True 0.0391906871575 0
7 False 0.514953786273 0
4 True 0.190526783758 0
6 True 0.114354796615 0
5 True 0.0283964367597 0
9 True 0.200479044321 0
2 True 0.282288474843 0
15 True 0.186174434057 0
30 False 0.754067973226 0
3 True 0.102530379053 0
3 True 0.184665859213 0
2 True 0.282288474843 0
3 True 0.184665859213 0
3 False 0.790428439716 0
3 True 0.16140401337 0
7 True 0.106014168641 0
11 True 0.0441654072213 0
7 False 0.839485415542 0
4 True 0.179693679518 0
2 True 0.282288474843 0
4 True 0.179693679518 0
4 True 0.0492485614844 0
3 True 0.106653108451 0
6 True 0.153401220263 0
2 True 0.376066710036 0
7 False 0.638096323715 0
4 True 0.163800799542 0
17 False 0.972821012205 0
5 True 0.192681296359 0
14 False 0.882943019135 0
2 True 0.282288474843 0
5 True 0.295569731459 0
29 False 0.94130206784 0
3 True 0.0392811918634 0
60 False 0.999590114407 0
3 False 0.553370234352 0
10 True 0.0997966212336 0
3 True 0.184665859213 0
2 True 0.282288474843 0
22 False 0.985728355134 0
13 False 0.806523712144 0
3 True 0.0124589688134 0
2 True 0.282288474843 0
2 True 0.282288474843 0
6 False 0.862145753802 0
2 True 0.282288474843 0
3 True 0.200119509073 0
4 True 0.179693679518 0
10 False 0.976718936247 0
12 False 0.5548353654 0
13 True 0.203778823478 0
4 True 0.179693679518 0
2 True 0.282288474843 0
11 True 0.231222430002 0
5 True 0.0809617378564 0
2 True 0.282288474843 0
2 True 0.0366602540807 0
8 True 0.345278608925 0
2 True 0.282288474843 0
2 True 0.0480033947981 0
5 True 0.0809617378564 0
11 True 0.0428640302525 0
7 True 0.085165051484 0
11 False 0.549092618964 0
8 False 0.733924676305 0
3 True 0.200119509073 0
40 False 0.975989956347 0
7 False 0.709480772451 0
7 True 0.293377636448 0
6 True 0.203853023312 0
3 True 0.200119509073 0
41 True 0.033360359996 0
8 True 0.0796530355344 0
3 True 0.169292609736 0
6 False 0.998796380526 0
2 False 0.596004584841 0
5 True 0.0788451659244 0
18 False 0.762007120007 0
2 True 0.1562343509 0
5 False 0.938465801461 0
6 True 0.196261766831 0
22 True 0.0101256046191 0
5 True 0.0862110402558 0
6 True 0.281840512787 0
8 False 0.871564718542 0
8 False 0.983155488342 0
5 True 0.363038730836 0
16 True 0.0415567090807 0
5 True 0.131674145937 0
11 False 0.879358508188 0
4 True 0.114575474753 0
21 False 0.998367558672 0
3 True 0.184665859213 0
6 True 0.317583025839 0
3 True 0.107995891478 0
10 True 0.0208923098863 0
2 True 0.282288474843 0
6 True 0.248558145159 0
2 True 0.214958085729 0
3 True 0.200119509073 0
2 False 0.861527920839 0
5 True 0.209960866808 0
15 False 0.974331890717 0
2 True 0.0456758507972 0
2 False 0.961291993835 0
4 True 0.240653924338 0
8 False 0.715808249724 0
3 True 0.200119509073 0
11 True 0.194195860515 0
2 True 0.185587245127 0
2 True 0.282288474843 0
12 False 0.563660529695 0
2 False 0.789842335708 0
11 True 0.173279663805 0
2 True 0.282288474843 0
6 False 0.565696102693 0
5 True 0.382088707972 0
2 True 0.282288474843 0
7 True 0.0989726937127 0
6 True 0.153401220263 0
4 False 0.636404900738 0
17 True 0.0884871960785 0
22 True 0.0332515878624 0
2 True 0.24581594256 0
3 True 0.0660896442396 0
4 True 0.355105327949 0
3 True 0.268470319031 0
2 True 0.282288474843 0
5 True 0.106829441402 0
3 True 0.170544836944 0
3 True 0.0631955239056 0
3 True 0.184665859213 0
8 False 0.713691993947 0
7 True 0.119847849915 0
8 False 0.534902219907 0
6 False 0.953411061957 0
7 False 0.972998954256 0
3 True 0.200119509073 0
3 True 0.0660896442396 0
2 False 0.861527920839 0
2 True 0.321606111055 0
5 True 0.488432599929 0
2 False 0.856618296266 0
8 True 0.350140059042 0
7 True 0.119847849915 0
3 True 0.0507484104267 0
3 True 0.200119509073 0
5 True 0.0717988906955 0
5 True 0.066117609537 0
4 False 0.971633330368 0
11 False 0.800776109749 0
14 False 0.9918050891 0
6 True 0.396136329135 0
2 True 0.282288474843 0
25 False 0.962689066988 0
3 True 0.200119509073 0
3 True 0.252755146525 0
5 False 0.556976832807 0
5 True 0.12531570709 0
6 True 0.203853023312 0
12 True 0.327426328151 0
2 True 0.287581853644 0
3 True 0.200119509073 0
4 False 0.552466854039 0
2 False 0.610075878456 0
29 False 0.985982759027 0
8 False 0.614701210752 0
6 False 0.759092341841 0
3 False 0.531375095351 0
7 False 0.916266505982 0
5 True 0.0788451659244 0
2 True 0.282288474843 0
4 True 0.0295767824702 0
6 True 0.248558145159 0
11 True 0.117614228125 0
6 True 0.153401220263 0
3 True 0.169292609736 0
6 True 0.153401220263 0
16 True 0.356142982162 0
13 False 0.772183650388 0
74 False 0.989072107622 0
3 True 0.120673676424 0
60 False 0.907564412078 0
16 False 0.998835784883 0
14 False 0.97863557909 0
2 True 0.282288474843 0
4 False 0.537090879544 0
2 False 0.657300373479 0
6 False 0.541065546206 0
4 True 0.0856483797502 0
32 False 0.919363080266 0
7 True 0.103029222344 0
12 False 0.875570424523 0
20 True 0.0302994954777 0
11 True 0.391855995654 0
10 True 0.198892918048 0
37 True 0.249525664883 0
3 True 0.200119509073 0
2 False 0.965632758597 0
3 True 0.200119509073 0
3 True 0.200119509073 0
4 True 0.162549249638 0
6 False 0.641912678868 0
6 True 0.236313595003 0
7 True 0.211405261943 0
4 True 0.104999304565 0
33 False 0.968363470093 0
12 True 0.294088418305 0
2 True 0.376066710036 0
5 True 0.0696592772955 0
4 True 0.179693679518 0
5 False 0.832881720082 0
19 False 0.857594992119 0
3 True 0.0861778267193 0
23 True 0.423686055867 0
13 True 0.073758861258 0
6 True 0.153401220263 0
2 True 0.321606111055 0
4 False 0.545913866286 0
7 True 0.426267007214 0
5 True 0.0862110402558 0
8 True 0.236271048649 0
7 True 0.119847849915 0
3 True 0.200119509073 0
17 True 0.982970029317 1
145 True 0.999947890514 1
2 False 0.284761136314 1
8 True 0.990772927414 1
5 True 0.850987711247 1
11 True 0.999267859319 1
11 True 0.999581095625 1
12 True 0.996948028971 1
2 False 0.239631847886 1
8 True 0.890500962024 1
62 True 0.999947890514 1
2 False 0.343441521898 1
2 False 0.0958393056684 1
280 True 0.998961328575 1
117 True 0.999799542828 1
16 True 0.501573771121 1
9 True 0.958046908759 1
18 True 0.999902099714 1
51 True 0.999680734584 1
10 True 0.965540263019 1
711 True 0.999882243456 1
3 False 0.21009839856 1
12 False 0.494727249866 1
34 True 0.999604297459 1
15 True 0.974425104142 1
30 True 0.990914239666 1
84 True 0.999850658454 1
311 True 0.999947890514 1
9 False 0.0852089119605 1
8 True 0.773409197417 1
115 True 0.99964684051 1
291 True 0.99964684051 1
15 True 0.944110567854 1
3 True 0.961663982578 1
16 True 0.988281300259 1
4 True 0.852434309799 1
124 True 0.999871921485 1
13 True 0.98481418097 1
22 True 0.998787027752 1
8 True 0.776963067846 1
77 True 0.99988778294 1
48 True 0.951802832389 1
4 True 0.999879822494 1
174 True 0.999700223193 1
193 True 0.999929549592 1
472 True 0.999870692453 1
220 True 0.999947890514 1
3 True 0.993348032293 1
6 True 0.993104947037 1
4 False 0.0448580262948 1
67 True 0.998220345301 1
74 True 0.999639100938 1
8 False 0.201050517068 1
5 False 0.0495136375291 1
4 False 0.0825094701415 1
723 True 0.999899075339 1
7 True 0.98569498668 1
26 True 0.99977276946 1
22 False 0.338275945722 1
13 False 0.255245682399 1
51 True 0.994538812461 1
122 True 0.999947890514 1
9 True 0.998876375491 1
4 False 0.201682723887 1
4 False 0.111952198832 1
21 True 0.998553250017 1
41 True 0.998399844957 1
33 True 0.92834129286 1
16 True 0.99383577445 1
72 False 0.174268898235 1
7 False 0.140717526911 1
6 False 0.366592959285 1
60 True 0.999462092603 1
272 True 0.999947890514 1
12 False 0.200335927548 1
2 True 0.933614000602 1
123 True 0.999854639098 1
203 True 0.999928750854 1
6 True 0.99967799804 1
4 True 0.962816708723 1
2 False 0.496772307342 1
16 True 0.999546176601 1
154 True 0.99964684051 1
8 True 0.988414415029 1
18 False 0.232612134945 1
490 True 0.999899075339 1
415 True 0.999899075339 1
83 True 0.999784924763 1
94 True 0.999909420784 1
6 True 0.936752160512 1
8 True 0.953988978357 1
6 False 0.195005115301 1
7 False 0.384733505931 1
136 True 0.999909420784 1
32 True 0.996808282973 1
6 True 0.932652892041 1
3 True 0.563357700035 1
2 True 0.982510011814 1
145 True 0.999947890514 1
353 True 0.999097367031 1
3 False 0.307969233177 1
8 False 0.122773941226 1
4 False 0.107066439398 1
38 True 0.999917007916 1
5 True 0.99408331707 1
28 True 0.999716151657 1
4 True 0.807202095027 1
32 True 0.999520115332 1
29 True 0.935750139406 1
429 True 0.999899075339 1
96 True 0.998941045542 1
2 False 0.326900349841 1
622 True 0.999889175231 1
3 True 0.563357700035 1
3 True 0.563357700035 1
303 True 0.999947890514 1
20 True 0.999789500365 1
73 True 0.987957032387 1
55 True 0.997869780152 1
22 True 0.922371743731 1
92 True 0.999947890514 1
14 True 0.838353529141 1
14 True 0.999025608064 1
5 True 0.99793757743 1
12 True 0.953828696991 1
43 True 0.999922971365 1
32 True 0.999425285583 1
1 True 0.913312377418 1
55 True 0.999903948955 1
6 False 0.473195595741 1
19 True 0.990909720905 1
6 False 0.365445067914 1
9 False 0.347612784496 1
97 True 0.999933005489 1
11 True 0.988616111557 1
1145 True 0.999899075339 1
16 True 0.616661919027 1
24 True 0.995120776215 1
6 True 0.999552923508 1
2 False 0.374230016758 1
30 True 0.999837466514 1
435 True 0.999899075339 1
110 True 0.999958450285 1
14 True 0.994341350361 1
139 True 0.999947890514 1
63 True 0.999755004204 1
17 True 0.999808630564 1
44 True 0.999796227328 1
9 False 0.203574422481 1
16 True 0.988480038565 1
131 True 0.999947890514 1
6 False 0.0397501253235 1
2 True 0.785970888954 1
8 True 0.992245928191 1
30 True 0.999712819744 1
30 True 0.989148746829 1
346 True 0.999899075339 1
35 True 0.997047900825 1
11 True 0.968789388857 1
12 False 0.204326440331 1
10 False 0.471060644604 1
38 True 0.957760457266 1
6 True 0.998961087047 1
2 False 0.343441521898 1
23 True 0.999625082013 1
155 True 0.999909420784 1
163 True 0.999947890514 1
107 True 0.999909420784 1
16 True 0.938583467983 1
43 True 0.994121135984 1
2 False 0.343441521898 1
68 True 0.999869614977 1
199 True 0.999947890514 1
3 True 0.867599106508 1
53 True 0.998430817834 1
63 True 0.999952702862 1
10 False 0.0788032679408 1
11 True 0.933800797419 1
118 True 0.999949294567 1
2 False 0.343441521898 1
131 True 0.999947890514 1
67 True 0.999895991833 1
65 True 0.997232484169 1
18 True 0.815276014673 1
145 True 0.99964684051 1
314 True 0.999947890514 1
152 True 0.99964684051 1
5 True 0.99903085921 1
13 True 0.998139700002 1
12 True 0.999898173708 1
3 False 0.21009839856 1
1 True 0.987657321375 1
26 True 0.999365318835 1
448 True 0.999868412987 1
77 True 0.999923324945 1
17 True 0.996018531253 1
18 True 0.977692594064 1
60 True 0.998789869796 1
8 True 0.880122286175 1
16 True 0.932702069259 1
4 False 0.217067807397 1
7 True 0.94829369274 1
9 False 0.238510833211 1
36 True 0.993332941407 1
13 True 0.991954539983 1
150 True 0.999758677292 1
64 True 0.999393759659 1
65 True 0.999847016564 1
21 True 0.994521633318 1
77 True 0.99964684051 1
3 False 0.181786353527 1
14 True 0.999439579105 1
42 False 0.423072588546 1
2 True 0.773692537053 1
12 True 0.999649056338 1
25 True 0.751617023688 1
20 True 0.999341327745 1
16 False 0.220892461341 1
24 True 0.99900833308 1
16 True 0.996102869046 1
2 False 0.239631847886 1
78 True 0.962508013824 1
17 True 0.98769374833 1
444 True 0.999899075339 1
4 True 0.991549332342 1
8 True 0.998731080118 1
38 True 0.999316382136 1
52 True 0.999784001215 1
405 True 0.999884035399 1
6 False 0.181203701238 1
97 True 0.999944976444 1
48 True 0.996487717356 1
2 True 0.995445318306 1
6 True 0.885361562311 1
135 True 0.999947890514 1
6 True 0.945397452646 1
15 True 0.999943942607 1
16 True 0.975079223693 1
2 True 0.947711567585 1
10 False 0.261488362828 1
9 False 0.195335034532 1
1 True 0.937832070553 1
5 True 0.955199374254 1
143 True 0.999947890514 1
2 False 0.415178469829 1
5 True 0.992527309364 1
39 True 0.998942208881 1
5 True 0.513709025314 1
4 False 0.172124561693 1
214 True 0.999947890514 1
23 True 0.990956448904 1
8 True 0.65121154115 1
7 False 0.18724572627 1
7 True 0.915997661037 1
33 True 0.99968881 1
109 True 0.999545999883 1
18 True 0.999017814387 1
13 True 0.999469143442 1
1463 True 0.999899075339 1
2 False 0.140134985213 1
427 True 0.999824338053 1
44 True 0.998941322559 1
225 True 0.999545999883 1
2 False 0.326900349841 1
24 True 0.990837689811 1
332 True 0.999130544431 1
8 True 0.999056093249 1
21 True 0.999390056294 1
2 False 0.234187983712 1
458 True 0.999899075339 1
7 False 0.119131300694 1
43 True 0.998158527871 1
6 True 0.988340063846 1
11 True 0.999493640836 1
17 True 0.913505240992 1
10 True 0.944353041753 1
3 True 0.737229487933 1
15 True 0.762876364441 1
55 True 0.999922263774 1
36 True 0.999929268767 1
2 True 0.997694786888 1
6 True 0.809395101643 1
10 True 0.996836207599 1
41 True 0.864581527192 1
2 True 0.896405785396 1
150 True 0.99964684051 1
20 True 0.829949058372 1
50 True 0.999351827778 1
170 True 0.99964684051 1
3 True 0.992837328209 1
6 True 0.527107341849 1
15 True 0.999694045703 1
6 True 0.999018466976 1
4 True 0.665596027734 1
45 True 0.999949303926 1
5 True 0.661754534154 1
38 True 0.999938642073 1
122 True 0.998310645682 1
3 False 0.21009839856 1
32 True 0.944286160685 1
76 True 0.99964684051 1
110 True 0.999947890514 1
101 True 0.994799032585 1
16 True 0.986327900317 1
105 True 0.999870453956 1
430 True 0.999899075339 1
87 True 0.999947890514 1
292 True 0.999909420784 1
6 False 0.154376506213 1
24 True 0.999255959363 1
114 True 0.99966509423 1
81 True 0.999917231596 1
4 False 0.0276092804851 1
228 True 0.99964684051 1
17 True 0.950427244618 1
6 False 0.164746409323 1
3 False 0.151666565245 1
19 True 0.994568920385 1
9 False 0.191662338303 1
542 True 0.999899075339 1
582 True 0.999824338053 1
21 True 0.990675733357 1
22 True 0.998434754736 1
10 True 0.99914550099 1
58 True 0.999572290651 1
8 True 0.995463059828 1
265 True 0.999947890514 1
11 True 0.999863134911 1
2 True 0.936183506811 1
17 True 0.642268414852 1
47 True 0.999956639759 1
51 True 0.999947890514 1
16 False 0.0947641310291 1
3 True 0.958724602812 1
8 True 0.986255656128 1
2 False 0.343441521898 1
222 True 0.99964684051 1
142 True 0.99966509423 1
84 True 0.999675500249 1
11 True 0.857449661581 1
56 True 0.99964684051 1
2 True 0.676324797325 1
3 True 0.952419054621 1
6 True 0.944751064184 1
11 False 0.113153133635 1
1 True 0.937832070553 1
67 True 0.999831996486 1
13 True 0.67339114697 1
6 True 0.796417581217 1
8 True 0.985690022989 1
4 False 0.172124561693 1
76 True 0.980737021886 1
231 True 0.999950915398 1
28 True 0.999761937792 1
52 True 0.99996000827 1
15 True 0.933647186614 1
6 True 0.995056933814 1
9 True 0.911958790044 1
2 False 0.133492967322 1
85 True 0.999947890514 1
2 True 0.719039677766 1
233 True 0.99964684051 1
2 True 0.889952097348 1
2 True 0.933614000602 1
27 True 0.999839016478 1
5 True 0.997309133584 1
4 True 0.664707150025 1
2 False 0.372502347894 1
3 False 0.21009839856 1
129 True 0.999929549592 1
48 True 0.999813071916 1
2 True 0.70699862617 1
65 True 0.973407726361 1
7 False 0.452514096303 1
25 False 0.0674473154734 1
8 True 0.992008844515 1
19 True 0.944797354881 1
13 True 0.998101928961 1
107 True 0.999947890514 1
25 True 0.999928980161 1
4 False 0.154254844575 1
42 True 0.980904145646 1
3 False 0.307764310352 1
151 True 0.999947890514 1
28 True 0.998133663666 1
15 True 0.709126825734 1
35 True 0.999455619816 1
3 True 0.846163086116 1
47 True 0.999476557787 1
47 True 0.999454748338 1
118 True 0.999933005489 1
41 True 0.999773109398 1
22 True 0.985456415397 1
22 True 0.999762669479 1
34 True 0.99951708415 1
5 True 0.975799238595 1
21 True 0.996721365961 1
79 True 0.973815578491 1
30 True 0.955995392905 1
4 True 0.626826863034 1
60 True 0.999680816488 1
7 False 0.18724572627 1
20 True 0.991063141609 1
9 True 0.602684203989 1
61 True 0.999753364577 1
3 True 0.971960718997 1
316 True 0.999909420784 1
83 True 0.999947890514 1
12 True 0.997936808428 1
86 True 0.993847265568 1
150 True 0.99964684051 1
16 True 0.992077869258 1
4 False 0.172124561693 1
6 False 0.136911065823 1
8 False 0.304790661588 1
2 True 0.999971291747 1
73 True 0.983684208776 1
2 True 0.529395140064 1
20 True 0.813746138289 1
146 True 0.99964684051 1
6 False 0.0832644083955 1
19 True 0.908199580587 1
4 True 0.988376498039 1
39 True 0.782616909261 1
69 True 0.999957201843 1
49 True 0.999864412066 1
426 True 0.999899075339 1
3 True 0.632285036397 1
3 True 0.902166409121 1
5 False 0.106654183181 1
14 True 0.977115381455 1
6 True 0.999627894748 1
40 True 0.999310589861 1
3 True 0.997645758562 1
19 True 0.999540951564 1
11 True 0.996950368494 1
35 True 0.995821311714 1
7 True 0.836011298237 1
26 True 0.982137466207 1
26 True 0.885182391464 1
3 False 0.181792419324 1
525 True 0.999868412987 1
21 True 0.952803356843 1
45 True 0.999949303926 1
3 False 0.192179828304 1
2 False 0.426836012824 1
71 True 0.999955955708 1
11 True 0.895810039174 1
87 True 0.999947890514 1
2 True 0.993505434883 1
27 True 0.87154819133 1
28 True 0.995424901134 1
2 False 0.126710781645 1
112 True 0.999438708732 1
66 True 0.948503249649 1
104 True 0.999909425976 1
128 True 0.999366906596 1
12 True 0.998574840447 1
143 True 0.997015094043 1
208 True 0.99964684051 1
3 False 0.433897172927 1
12 True 0.992089014344 1
28 True 0.998987632779 1
34 True 0.999761648197 1
13 True 0.99220950352 1
166 True 0.99964684051 1
31 True 0.999890943255 1
64 True 0.999906069559 1
3 True 0.101875552748 0
3 True 0.41360830467 0
3 True 0.21009839856 0
4 True 0.172124561693 0
4 True 0.257432538303 0
3 True 0.108827894406 0
13 True 0.349273248631 0
11 True 0.30615267808 0
13 True 0.218253353523 0
7 True 0.192162084921 0
4 True 0.172124561693 0
14 False 0.998827298441 0
3 True 0.197439602657 0
3 False 0.812043898399 0
3 True 0.21009839856 0
3 True 0.21009839856 0
3 False 0.750476354821 0
3 True 0.0715896515552 0
9 False 0.616648338876 0
3 True 0.21009839856 0
15 False 0.910454756463 0
18 True 0.363215975719 0
7 False 0.798697738693 0
5 True 0.0887130928899 0
13 False 0.911717615072 0
6 True 0.163564833396 0
9 True 0.121725583441 0
2 True 0.363545608262 0
3 True 0.205073897722 0
25 True 0.0715903735959 0
12 False 0.827392387995 0
6 True 0.249307949464 0
4 True 0.425009039703 0
5 True 0.133113410065 0
2 True 0.415178469829 0
7 True 0.192162084921 0
7 True 0.340656334649 0
15 False 0.501201270454 0
5 True 0.412433526919 0
2 True 0.496772307342 0
8 True 0.359130850234 0
2 True 0.153983405094 0
22 True 0.0202054678768 0
3 True 0.199311995348 0
3 True 0.21009839856 0
6 True 0.163564833396 0
18 False 0.957622700237 0
3 True 0.181792419324 0
3 True 0.181792419324 0
18 True 0.350518754146 0
5 True 0.133113410065 0
5 False 0.584937258953 0
5 True 0.133113410065 0
8 True 0.146476548508 0
5 True 0.0458475405575 0
7 True 0.213920234654 0
60 False 0.5859935174 0
4 True 0.397425728486 0
10 True 0.176230717657 0
7 True 0.18724572627 0
2 True 0.316877846503 0
4 True 0.0945812039046 0
3 True 0.151666565245 0
2 True 0.343441521898 0
11 True 0.187439722922 0
5 False 0.790237633439 0
5 True 0.0968492847383 0
2 True 0.343441521898 0
5 False 0.566837733114 0
4 True 0.172124561693 0
6 True 0.335276452721 0
8 False 0.600880679666 0
11 True 0.09267828345 0
4 True 0.240742336125 0
16 False 0.736562039143 0
4 True 0.0836625040819 0
5 False 0.567683842654 0
2 True 0.302096182193 0
7 True 0.118240723401 0
3 True 0.131263230309 0
7 False 0.707756607395 0
8 True 0.102625179885 0
6 False 0.976098662826 0
4 True 0.172124561693 0
23 False 0.668793823524 0
2 True 0.117675316723 0
3 False 0.989137411428 0
3 True 0.21009839856 0
29 False 0.915772244365 0
11 True 0.122157295999 0
2 True 0.343441521898 0
12 False 0.538137399057 0
13 False 0.62729709659 0
3 False 0.838420371187 0
15 False 0.663601881924 0
5 True 0.133113410065 0
18 False 0.58037099128 0
3 True 0.108827894406 0
2 True 0.343441521898 0
6 False 0.990286483444 0
6 False 0.949038490051 0
41 True 0.0229527621339 0
5 True 0.133113410065 0
3 True 0.407254599377 0
10 False 0.894984979987 0
15 False 0.846583721422 0
3 True 0.061458820991 0
10 True 0.340776657991 0
11 True 0.108933903937 0
15 True 0.457049178444 0
2 False 0.97190268301 0
12 True 0.389388248626 0
2 True 0.343441521898 0
8 True 0.201050517068 0
8 True 0.0801304557445 0
2 True 0.133492967322 0
2 True 0.343441521898 0
5 True 0.0458475405575 0
4 True 0.325520490711 0
8 True 0.337319739043 0
2 False 0.525559822636 0
11 False 0.965162207963 0
4 True 0.0482915144908 0
5 True 0.166943665258 0
13 True 0.408818124097 0
4 True 0.405299394391 0
6 False 0.750557120201 0
7 True 0.192162084921 0
6 True 0.249307949464 0
9 False 0.876470045084 0
2 True 0.467069048939 0
2 True 0.413896408508 0
11 False 0.57413598761 0
4 False 0.817318147867 0
9 True 0.053182610936 0
7 True 0.433575674041 0
54 False 0.998914277633 0
2 True 0.343441521898 0
10 True 0.0788032679408 0
4 True 0.280581472985 0
16 False 0.99824498331 0
5 False 0.746844583316 0
15 True 0.493489636151 0
6 True 0.071299850777 0
11 False 0.774087430072 0
16 True 0.372224814702 0
4 False 0.96298773151 0
3 True 0.21009839856 0
3 True 0.21009839856 0
8 True 0.213520668834 0
5 True 0.0458768299933 0
2 False 0.936183506811 0
4 True 0.130051425877 0
2 True 0.343441521898 0
10 True 0.082684814415 0
15 False 0.937451969026 0
8 True 0.17334801442 0
3 True 0.122943394009 0
3 True 0.313651075503 0
3 True 0.272649256542 0
2 True 0.343441521898 0
3 True 0.272649256542 0
22 False 0.684991995928 0
8 True 0.298228372885 0
7 True 0.135582782645 0
23 False 0.787879190983 0
10 True 0.150939509612 0
2 True 0.343441521898 0
7 True 0.0457910934581 0
10 True 0.0911777753987 0
10 True 0.0867838193366 0
4 True 0.172124561693 0
6 False 0.664855212555 0
3 True 0.101162084946 0
3 True 0.21009839856 0
69 False 0.961042660458 0
3 True 0.21009839856 0
2 True 0.343441521898 0
7 True 0.335675038159 0
5 False 0.993223508762 0
7 False 0.528935217101 0
6 True 0.249307949464 0
19 False 0.995567877462 0
2 True 0.343441521898 0
10 True 0.493542945651 0
3 True 0.0826614172633 0
2 True 0.343441521898 0
7 True 0.1369350597 0
2 False 0.90697490851 0
3 True 0.272649256542 0
7 True 0.0799528585655 0
2 True 0.415178469829 0
7 False 0.906861907625 0
3 False 0.563357700035 0
4 True 0.0448580262948 0
2 False 0.574184078052 0
30 True 0.29832207835 0
5 True 0.0887130928899 0
4 True 0.172124561693 0
6 True 0.0832644083955 0
4 True 0.302611997465 0
3 True 0.21009839856 0
7 True 0.1369350597 0
3 True 0.21009839856 0
6 False 0.887000420235 0
8 True 0.344118804236 0
4 True 0.128034533564 0
12 True 0.0330828723617 0
2 True 0.343441521898 0
3 False 0.563357700035 0
3 True 0.21009839856 0
27 True 0.193978155184 0
4 True 0.395254666484 0
4 True 0.240742336125 0
45 True 0.103867189942 0
3 True 0.0284169015791 0
10 True 0.0648895620015 0
11 True 0.12121142308 0
12 False 0.710047175859 0
3 True 0.108827894406 0
10 True 0.0466698810738 0
3 True 0.418425779085 0
4 True 0.123462484226 0
24 True 0.01495180588 0
14 True 0.428607170362 0
9 True 0.378361312148 0
22 True 0.345716559533 0
4 True 0.172124561693 0
3 True 0.345803371998 0
4 False 0.975828532211 0
6 True 0.258213908426 0
11 True 0.0814111454829 0
2 True 0.343441521898 0
6 True 0.249307949464 0
4 True 0.172124561693 0
9 True 0.422518563327 0
3 False 0.611819441777 0
15 True 0.30185193844 0
18 True 0.234552540822 0
22 True 0.0187679220297 0
2 True 0.343441521898 0
2 False 0.995149315755 0
2 True 0.343441521898 0
4 True 0.0633188982705 0
3 True 0.21009839856 0
8 True 0.219656035416 0
4 True 0.173016173989 0
6 True 0.0757561537309 0
11 False 0.605360545 0
11 True 0.207893916792 0
6 False 0.999110198873 0
3 True 0.21009839856 0
5 True 0.133113410065 0
12 False 0.558070641212 0
3 True 0.151666565245 0
9 False 0.945765853627 0
5 True 0.133113410065 0
5 True 0.0968492847383 0
22 False 0.933180548181 0
3 True 0.21009839856 0
2 True 0.343441521898 0
13 False 0.997839920526 0
2 True 0.415178469829 0
6 False 0.554547675896 0
7 True 0.182480229173 0
2 True 0.343441521898 0
7 True 0.192162084921 0
