435 True 0.999955194782 1
20 False 0.281388044939 1
14 True 0.996599931553 1
137 True 0.999963563816 1
19 True 0.997625709784 1
562 True 0.999955194782 1
8 True 0.996582440598 1
78 True 0.997634133624 1
4 True 0.575994333256 1
9 True 0.902705717649 1
7 False 0.253737767552 1
74 True 0.961260151095 1
55 True 0.99966096312 1
20 True 0.999508936839 1
63 True 0.999776937233 1
16 True 0.945688518062 1
6 True 0.63561235126 1
11 True 0.999919964128 1
9 True 0.987161564415 1
9 False 0.0873570078261 1
5 True 0.656013718655 1
32 True 0.999440014875 1
1 True 0.99388883454 1
24 True 0.998285347519 1
12 True 0.999735315066 1
4 True 0.525178410232 1
87 True 0.999957132733 1
29 True 0.999188523067 1
8 True 0.96288492327 1
21 True 0.979711125627 1
63 True 0.999410970094 1
3 True 0.989569448981 1
2 True 0.559428283045 1
208 True 0.999383548365 1
5 True 0.949861912442 1
20 True 0.66517595007 1
25 True 0.999966663511 1
6 True 0.969064159139 1
237 True 0.999957132733 1
89 True 0.991292465123 1
11 True 0.998193572717 1
8 False 0.235302300031 1
190 True 0.999829842881 1
48 True 0.999592706532 1
193 True 0.999955194782 1
17 False 0.140247201785 1
31 True 0.999948975998 1
8 False 0.118331199502 1
114 True 0.999841540181 1
4 True 0.557680888681 1
8 True 0.999711406261 1
39 True 0.999838387873 1
2 True 0.993919392351 1
61 True 0.999288322016 1
599 True 0.999955194782 1
2 False 0.301239269296 1
26 True 0.997250891617 1
34 True 0.992440449608 1
2 False 0.301239269296 1
14 True 0.99988389564 1
41 False 0.173523964157 1
3 False 0.495364983578 1
2 True 0.948503262749 1
118 True 0.99996502153 1
6 True 0.986638593885 1
11 False 0.289806933347 1
9 False 0.138615771324 1
6 False 0.208456949005 1
10 False 0.133970956518 1
2 True 0.932372692749 1
105 True 0.999658508032 1
5 True 0.945079686606 1
23 True 0.998930265464 1
69 True 0.999958729754 1
122 True 0.999613936925 1
37 True 0.999394817233 1
2 False 0.312339778151 1
77 True 0.999732687878 1
2 False 0.268563661416 1
118 True 0.99995402214 1
72 True 0.998914952652 1
10 True 0.936254341715 1
5 True 0.838345667798 1
242 True 0.999955194782 1
71 True 0.999719844855 1
5 False 0.163086236941 1
4 False 0.151019551037 1
8 False 0.233949011205 1
6 True 0.996587426388 1
2 True 0.8923138544 1
18 True 0.99812224619 1
3 True 0.736592079555 1
444 True 0.999955194782 1
58 True 0.999940615293 1
60 True 0.998593356346 1
2 False 0.31281090397 1
52 True 0.999893076009 1
393 True 0.999955194782 1
14 False 0.340926286689 1
15 True 0.999954255129 1
129 True 0.999955194782 1
116 True 0.99996502153 1
8 False 0.198736180964 1
12 False 0.267688577881 1
6 True 0.995997003019 1
83 True 0.997427323806 1
10 True 0.951918413476 1
23 True 0.974057883738 1
2 False 0.230823356262 1
2 False 0.168241808019 1
51 True 0.991096724987 1
36 True 0.913410998112 1
14 True 0.999898600053 1
2 False 0.0543233419645 1
6 False 0.148188915143 1
13 False 0.0841209941811 1
24 True 0.999681739601 1
3 False 0.211842521119 1
32 True 0.999533489683 1
8 True 0.991658055052 1
6 True 0.999679256578 1
2 True 0.998845412396 1
5 False 0.102159889589 1
3 True 0.804086405446 1
5 False 0.0760206909334 1
36 True 0.999932483739 1
46 True 0.999078373923 1
5 True 0.987957694746 1
128 True 0.999841540181 1
26 True 0.850163554762 1
142 True 0.999882984628 1
1 True 0.86859382652 1
2 True 0.955697421943 1
11 True 0.998855744952 1
9 False 0.4573428717 1
2 True 0.677963953856 1
34 True 0.99977881529 1
16 True 0.974324123242 1
86 True 0.999881128673 1
4 True 0.867633127095 1
3 True 0.691851068956 1
129 True 0.999829842881 1
287 True 0.999955194782 1
14 False 0.419147111402 1
3 False 0.141547506755 1
68 True 0.999931820273 1
6 True 0.987232499732 1
8 True 0.977241973716 1
7 False 0.294004834282 1
96 True 0.999968345429 1
22 True 0.999335594135 1
17 True 0.9925434354 1
160 True 0.999955194782 1
2 False 0.0593557407584 1
98 True 0.999964744233 1
224 True 0.997026522702 1
19 True 0.99970091974 1
2 True 0.947637340528 1
5 True 0.994316706279 1
14 True 0.999134381745 1
14 True 0.541965850602 1
17 True 0.99996052718 1
12 True 0.95970791223 1
3 False 0.213373028117 1
280 True 0.999955194782 1
13 False 0.0619642379849 1
15 True 0.585344399293 1
1 True 0.991211551391 1
18 True 0.642308151629 1
9 True 0.996951901416 1
136 True 0.999953740347 1
72 True 0.999942784327 1
12 False 0.211445565872 1
177 True 0.999955194782 1
3 False 0.319946321673 1
79 True 0.999958266523 1
7 True 0.785905452939 1
5 False 0.067857968248 1
430 True 0.999955194782 1
24 True 0.951045493978 1
33 True 0.999917267164 1
22 True 0.999287657616 1
52 True 0.999888155285 1
14 True 0.999952353697 1
57 True 0.999685305118 1
4 False 0.194033778649 1
15 True 0.995301345443 1
223 True 0.999963886072 1
29 True 0.999422607525 1
3 True 0.816216929092 1
6 True 0.992732829298 1
2 False 0.431205503516 1
15 False 0.265570217821 1
723 True 0.999955194782 1
8 True 0.725563182059 1
24 True 0.997072460983 1
45 True 0.99963923317 1
27 True 0.660950877949 1
8 False 0.102706865319 1
10 True 0.81844034124 1
64 True 0.998177967679 1
124 True 0.999957132733 1
118 True 0.999955194782 1
21 True 0.999410714063 1
18 True 0.999539063002 1
9 False 0.122911980881 1
525 True 0.999939888097 1
528 True 0.999955194782 1
67 True 0.999695518496 1
48 True 0.794504619255 1
4 False 0.120643906752 1
60 True 0.999435519671 1
6 False 0.12136975874 1
29 True 0.997016917962 1
2 True 0.991791880317 1
20 True 0.973341381225 1
9 True 0.517413526963 1
289 True 0.999829842881 1
214 True 0.999955194782 1
40 True 0.97704963215 1
27 True 0.999875535589 1
15 True 0.999141484929 1
6 True 0.999628873319 1
12 True 0.981761440774 1
16 False 0.384840090517 1
28 True 0.999806842088 1
9 True 0.506497364951 1
145 True 0.999841540181 1
3 True 0.853303636441 1
83 True 0.999829842881 1
97 True 0.999959918537 1
235 True 0.999955194782 1
198 True 0.999964744233 1
20 True 0.538955489693 1
53 True 0.999936482234 1
14 True 0.997956526263 1
7 True 0.947195157782 1
21 True 0.999707575001 1
14 True 0.996589206458 1
22 True 0.570459430688 1
97 True 0.99996502153 1
102 True 0.999829842881 1
44 True 0.993999510024 1
26 True 0.69635039127 1
10 True 0.999082003146 1
9 False 0.175926036429 1
11 True 0.744782753328 1
138 True 0.999848340233 1
2 True 0.735156867964 1
2 False 0.472049153914 1
114 True 0.999940790985 1
20 True 0.990338251943 1
2 True 0.99037078786 1
9 True 0.873361014187 1
2 False 0.312339778151 1
132 True 0.999151955388 1
11 False 0.415197661848 1
21 True 0.925217547786 1
332 True 0.999829842881 1
3 True 0.998034015062 1
83 True 0.999719079109 1
19 True 0.999939551193 1
21 True 0.999835692069 1
42 True 0.999285531703 1
40 True 0.999895561792 1
41 True 0.999914931263 1
38 True 0.99675754238 1
71 True 0.999807860906 1
69 True 0.99975656659 1
2 True 0.999575483431 1
110 True 0.999970618797 1
64 True 0.999775212308 1
8 True 0.999767564499 1
7 True 0.965881209878 1
323 True 0.999955194782 1
67 True 0.999906774494 1
11 True 0.970889353665 1
78 True 0.999960211342 1
68 True 0.999946774184 1
2 False 0.32306887475 1
490 True 0.999955194782 1
202 True 0.99996502153 1
2 False 0.140383272463 1
12 True 0.995920746965 1
143 True 0.999955194782 1
9 True 0.999236299141 1
13 True 0.998716308067 1
670 True 0.999955194782 1
17 True 0.96185734423 1
2 True 0.552773376241 1
3 True 0.562955346971 1
7 True 0.997226716154 1
14 True 0.993148758663 1
58 True 0.9989272903 1
5 False 0.294184207849 1
42 True 0.597817756322 1
22 True 0.997617156772 1
6 True 0.782363471873 1
83 True 0.999955194782 1
61 True 0.999216796611 1
51 True 0.999950378731 1
61 True 0.999651403776 1
215 True 0.999934214592 1
114 True 0.999882984628 1
25 True 0.999959183726 1
2 False 0.301239269296 1
3 True 0.91456671397 1
26 True 0.999658543586 1
37 True 0.99989952493 1
588 True 0.999829842881 1
11 True 0.895428424731 1
6 False 0.497567064127 1
3 False 0.211842521119 1
6 True 0.96348082569 1
233 True 0.999829842881 1
2 True 0.927555068352 1
5 True 0.87906512614 1
26 True 0.999913957666 1
21 True 0.993648315944 1
415 True 0.999955194782 1
68 True 0.999961909591 1
355 True 0.999955194782 1
83 True 0.999629586367 1
2 False 0.336514820252 1
6 True 0.995556960904 1
50 True 0.99945956513 1
29 True 0.999952846595 1
48 True 0.995782251138 1
182 True 0.999955194782 1
9 True 0.988776418791 1
30 True 0.819302667909 1
18 False 0.155418381543 1
67 True 0.999254555029 1
711 True 0.999829842881 1
16 False 0.249466163242 1
9 True 0.999745377081 1
472 True 0.999841540181 1
55 True 0.999682005438 1
4 False 0.141633055985 1
2 False 0.301239269296 1
150 True 0.99985298789 1
2 False 0.301239269296 1
1463 True 0.999955194782 1
154 True 0.999829842881 1
27 True 0.998987450351 1
13 False 0.485426643314 1
11 True 0.859014774791 1
92 True 0.997777066757 1
5 True 0.754247684303 1
12 True 0.999243228236 1
67 True 0.999772170353 1
291 True 0.999829842881 1
16 True 0.904585106262 1
32 True 0.999943294938 1
300 True 0.999957132733 1
8 True 0.795988003169 1
39 True 0.661366005808 1
60 True 0.999584527629 1
10 True 0.999478492226 1
22 True 0.6041147846 1
6 True 0.699039031669 1
8 False 0.396687794328 1
2 False 0.32306887475 1
10 True 0.956924506695 1
1 True 0.953619344061 1
11 True 0.994572778671 1
2 True 0.985765111522 1
86 True 0.999957132733 1
8 True 0.826450081529 1
25 True 0.999179897387 1
18 True 0.999732956034 1
59 True 0.999807069334 1
68 True 0.999861196648 1
24 True 0.958002323915 1
7 False 0.216750142507 1
227 True 0.999955194782 1
56 True 0.999505688654 1
48 True 0.958081826899 1
14 False 0.0274574235055 1
21 True 0.893668389854 1
307 True 0.999955194782 1
65 True 0.999862315166 1
2 False 0.361543270572 1
287 True 0.999829842881 1
17 True 0.998436431956 1
16 True 0.847796113156 1
4 True 0.999813595148 1
15 True 0.999070176469 1
15 True 0.999472589743 1
5 True 0.59631719483 1
18 True 0.684720702411 1
6 False 0.116372650271 1
4 True 0.641297411516 1
24 True 0.99873393212 1
21 False 0.493113144585 1
209 True 0.999829842881 1
50 True 0.999789659523 1
5 False 0.326126546297 1
12 True 0.99967393325 1
9 False 0.281446364899 1
14 True 0.998227148713 1
6 True 0.730936471759 1
22 True 0.982029610133 1
3 True 0.66142915007 1
3 False 0.211842521119 1
2 True 0.552773376241 1
2 True 0.975574441136 1
434 True 0.999955194782 1
24 True 0.782349228157 1
65 True 0.999946085368 1
2 False 0.470519533982 1
1145 True 0.999938952112 1
68 True 0.999486531016 1
9 True 0.999718790867 1
28 True 0.999903549161 1
166 True 0.999829842881 1
129 True 0.999969037418 1
27 True 0.994636836684 1
4 True 0.998340267335 1
12 True 0.878096757156 1
24 True 0.99908042493 1
6 True 0.999719823597 1
32 True 0.955276952713 1
260 True 0.999955194782 1
18 True 0.983691071119 1
24 True 0.999943957606 1
2 False 0.31281090397 1
723 True 0.999939888097 1
55 True 0.99937186336 1
171 True 0.999938952112 1
626 True 0.999829842881 1
7 True 0.987100286445 1
7 False 0.489937762544 1
3 False 0.211842521119 1
124 True 0.999937791192 1
27 False 0.198998359984 1
2 True 0.991219652 1
8 True 0.991418397322 1
16 True 0.999492135138 1
4 False 0.0992243374461 1
4 False 0.120699954386 1
11 True 0.997987875822 1
4 False 0.364671247192 1
20 True 0.679312836051 1
18 True 0.935041735546 1
1 True 0.998271826459 1
12 True 0.940971046756 1
52 True 0.999955242988 1
314 True 0.999955194782 1
6 True 0.692650153452 1
4 False 0.203297406686 1
102 True 0.999957132733 1
8 True 0.987812658479 1
99 True 0.9176944126 1
622 True 0.999957132733 1
101 True 0.999958919744 1
9 True 0.994615369978 1
11 True 0.791751360469 1
3 True 0.931463643271 1
2 False 0.301239269296 1
1688 True 0.999939888097 1
26 True 0.999677022315 1
3 True 0.562955346971 1
37 True 0.955457878702 1
81 True 0.999955194782 1
22 True 0.850428072629 1
55 True 0.999944453764 1
33 True 0.797213639161 1
2 True 0.424168676659 0
6 True 0.435340993585 0
4 False 0.580388742767 0
11 True 0.0854763084852 0
7 True 0.212903782804 0
30 False 0.648657991817 0
6 True 0.206905288842 0
2 True 0.301239269296 0
9 True 0.122911980881 0
8 True 0.251996007226 0
3 False 0.733275579812 0
2 True 0.268563661416 0
5 True 0.11171181438 0
15 False 0.82519894947 0
3 True 0.185625249681 0
25 False 0.928228457816 0
4 False 0.83854768959 0
7 True 0.273088242767 0
17 True 0.128180513619 0
10 True 0.463775120569 0
8 False 0.615191690101 0
4 True 0.141633055985 0
13 True 0.0431133540065 0
3 True 0.211842521119 0
10 True 0.459334830736 0
2 True 0.301239269296 0
8 True 0.438356234591 0
7 True 0.215832454449 0
5 True 0.0696959932399 0
2 True 0.301239269296 0
5 True 0.484932659743 0
11 True 0.130844909895 0
5 True 0.350556201023 0
4 False 0.601405432822 0
3 True 0.193704089337 0
6 True 0.155200804352 0
8 True 0.213821627334 0
3 True 0.282044644247 0
4 True 0.256828048174 0
3 False 0.885740659889 0
2 True 0.0912089830126 0
5 True 0.11171181438 0
4 False 0.854524660279 0
4 True 0.203297406686 0
4 True 0.0760018823033 0
11 True 0.0897659263292 0
7 False 0.863142874971 0
15 False 0.509256606391 0
13 True 0.0732473236221 0
7 True 0.11249282171 0
3 True 0.211842521119 0
3 True 0.48868509316 0
2 True 0.154534914372 0
4 True 0.141633055985 0
2 True 0.470519533982 0
5 True 0.194326215886 0
37 True 0.165321282201 0
3 True 0.199557266685 0
3 True 0.211842521119 0
3 True 0.135104045618 0
3 True 0.067494183037 0
4 False 0.979087726632 0
2 True 0.312339778151 0
5 True 0.395669115231 0
4 True 0.203297406686 0
11 True 0.408701211429 0
9 True 0.241510900793 0
20 True 0.0374682546307 0
6 False 0.999348248113 0
6 True 0.204432914971 0
3 True 0.211842521119 0
21 False 0.99732216833 0
28 False 0.983156415533 0
6 True 0.263885160248 0
5 True 0.0376987222501 0
7 True 0.493076694415 0
12 True 0.0854827930103 0
7 True 0.109115088855 0
2 True 0.301239269296 0
11 False 0.753114368911 0
6 False 0.61318332414 0
2 True 0.32306887475 0
4 True 0.073285896975 0
12 True 0.0422601318607 0
5 True 0.0576056316076 0
5 True 0.0761851353582 0
6 True 0.335324601519 0
3 False 0.562955346971 0
3 True 0.376139144552 0
2 True 0.31281090397 0
13 True 0.196420076505 0
9 False 0.794096022055 0
4 True 0.395228422223 0
3 True 0.375347386362 0
4 True 0.120699954386 0
3 True 0.211842521119 0
3 True 0.135104045618 0
41 False 0.992548014083 0
3 False 0.96765957612 0
30 True 0.392223840129 0
15 True 0.254161114471 0
3 False 0.800303693888 0
6 False 0.993021471459 0
5 True 0.0524876947858 0
27 False 0.732534745929 0
2 True 0.301239269296 0
4 False 0.927132071567 0
4 True 0.203742785224 0
3 False 0.712174214285 0
7 True 0.203304252905 0
5 False 0.553252805954 0
3 True 0.0982381364609 0
10 True 0.0548215502002 0
7 False 0.964645730161 0
5 True 0.0757499216563 0
4 True 0.203297406686 0
7 True 0.117942948042 0
3 True 0.211842521119 0
7 True 0.15906918085 0
9 True 0.0455289257215 0
10 True 0.144344558976 0
6 False 0.98907260867 0
16 True 0.150705121218 0
5 False 0.83361438138 0
4 True 0.203297406686 0
11 True 0.121952910165 0
6 True 0.259054083128 0
5 True 0.234523935572 0
5 True 0.0586831927724 0
3 False 0.522819491797 0
8 True 0.401743233091 0
3 True 0.211842521119 0
3 True 0.118586125191 0
3 True 0.211842521119 0
3 True 0.213373028117 0
4 True 0.0469569750913 0
10 True 0.204366879192 0
4 True 0.203297406686 0
2 False 0.903084983747 0
23 True 0.176669397147 0
2 True 0.243829393454 0
7 True 0.353790259192 0
16 True 0.252768284676 0
20 False 0.953468973833 0
5 True 0.269620681649 0
4 True 0.121269868739 0
7 True 0.215832454449 0
2 True 0.301239269296 0
12 False 0.50453115978 0
55 False 0.999471419325 0
2 False 0.985086123451 0
3 True 0.211842521119 0
4 True 0.256828048174 0
2 True 0.301239269296 0
8 False 0.973154770605 0
7 False 0.643822652609 0
2 True 0.301239269296 0
3 True 0.168916443317 0
12 True 0.0525104295956 0
4 True 0.141633055985 0
2 True 0.301239269296 0
3 True 0.211842521119 0
12 True 0.0352148876919 0
5 True 0.331440985342 0
7 False 0.65347622263 0
4 True 0.203297406686 0
2 True 0.32306887475 0
2 True 0.301239269296 0
12 True 0.16138640897 0
5 True 0.11171181438 0
2 False 0.552773376241 0
12 True 0.0352148876919 0
3 True 0.185625249681 0
11 False 0.856725886376 0
2 True 0.301239269296 0
3 True 0.291732830568 0
14 False 0.999641619011 0
3 True 0.067723377232 0
3 True 0.376139144552 0
3 True 0.213373028117 0
3 True 0.444946156225 0
2 True 0.303241432569 0
5 True 0.11171181438 0
3 False 0.515522575889 0
4 True 0.203297406686 0
14 False 0.670377426222 0
9 True 0.0750456676508 0
3 True 0.211842521119 0
11 True 0.4782109952 0
2 False 0.677963953856 0
3 True 0.211842521119 0
5 True 0.11171181438 0
8 True 0.213821627334 0
8 True 0.235302300031 0
6 True 0.204432914971 0
3 False 0.778957149542 0
29 False 0.706829224865 0
4 True 0.420614810875 0
6 True 0.219915843269 0
4 True 0.203297406686 0
9 True 0.0557051284249 0
7 True 0.117942948042 0
7 True 0.135167831017 0
2 True 0.301239269296 0
7 True 0.208062290929 0
3 True 0.211842521119 0
22 True 0.200742557496 0
7 False 0.981985916657 0
9 True 0.0137918701292 0
2 True 0.301239269296 0
14 True 0.181875916263 0
3 False 0.920692414756 0
2 True 0.446022622026 0
7 False 0.800120609691 0
7 True 0.117942948042 0
322 False 0.999841540181 0
5 True 0.0761851353582 0
11 True 0.180767043781 0
4 False 0.604949147151 0
3 False 0.620387967315 0
13 True 0.0841209941811 0
3 True 0.211842521119 0
18 True 0.0759432874728 0
2 True 0.301239269296 0
3 True 0.123479119008 0
22 False 0.950743803335 0
11 True 0.44563966124 0
5 True 0.0631116262772 0
4 True 0.141633055985 0
4 True 0.164187391221 0
2 True 0.336514820252 0
18 True 0.243433896727 0
10 True 0.0672967768531 0
40 False 0.983612747292 0
90 False 0.686107405323 0
4 True 0.47559776015 0
2 False 0.677963953856 0
13 True 0.17222060237 0
2 True 0.168454224169 0
4 True 0.167992101515 0
5 True 0.11171181438 0
6 True 0.116372650271 0
3 True 0.132995989271 0
4 True 0.141633055985 0
2 True 0.301239269296 0
2 True 0.119852158839 0
4 False 0.844993178432 0
3 True 0.185625249681 0
8 True 0.346250928009 0
7 True 0.203304252905 0
3 True 0.282044644247 0
46 False 0.989084535824 0
7 True 0.0444535910829 0
4 False 0.989863476212 0
22 True 0.40593323354 0
6 False 0.885889609647 0
5 True 0.11171181438 0
3 True 0.375347386362 0
2 True 0.301239269296 0
4 True 0.203297406686 0
22 True 0.017289303687 0
21 False 0.999646942117 0
2 True 0.469255689726 0
3 True 0.211842521119 0
15 True 0.338190617477 0
4 False 0.563896632656 0
24 True 0.0951098591244 0
