200 True 1 0.785744
18 True 1 0.769141
13 True 1 0.624597
130 True 1 0.769767
17 True 1 0.744054
200 True 1 0.779405
7 True 1 0.675147
62 True 1 0.778226
4 False 1 0.339463
15 True 1 0.505164
6 True 1 0.508973
74 True 1 0.738906
53 True 1 0.768791
12 True 1 0.502246
65 True 1 0.777945
15 True 1 0.765927
5 False 1 0.463407
12 True 1 0.746711
9 True 1 0.72385
13 True 1 0.684816
5 False 1 0.375607
24 True 1 0.764072
2 False 1 0.287798
23 True 1 0.77538
12 True 1 0.536355
2 False 1 0.200099
91 True 1 0.683697
28 True 1 0.774108
5 True 1 0.613591
18 True 1 0.768925
55 True 1 0.779457
3 False 1 0.291969
2 False 1 0.266048
200 True 1 0.74878
5 True 1 0.631915
20 True 1 0.714904
22 True 1 0.771974
3 False 1 0.370818
200 True 1 0.680946
82 True 1 0.780032
10 True 1 0.735787
7 True 1 0.68028
184 True 1 0.775681
45 True 1 0.78259
188 True 1 0.724783
14 True 1 0.664403
28 True 1 0.781813
8 True 1 0.701053
112 True 1 0.701264
3 True 1 0.515486
6 True 1 0.662264
40 True 1 0.745279
2 False 1 0.221417
62 True 1 0.754852
200 True 1 0.787378
2 False 1 0.273792
33 True 1 0.752809
44 True 1 0.781515
2 False 1 0.224523
11 True 1 0.706651
41 True 1 0.791138
2 False 1 0.309394
2 False 1 0.400443
115 True 1 0.75301
6 True 1 0.661679
11 True 1 0.737832
7 True 1 0.685052
6 False 1 0.380185
11 True 1 0.712683
2 False 1 0.211637
89 True 1 0.784875
5 True 1 0.629297
25 True 1 0.658522
68 True 1 0.615639
117 True 1 0.774546
34 True 1 0.758122
2 False 1 0.437316
68 True 1 0.667158
2 False 1 0.229153
104 True 1 0.781004
71 True 1 0.712313
10 True 1 0.658415
2 False 1 0.432131
200 True 1 0.696568
60 True 1 0.763234
5 True 1 0.617065
3 False 1 0.385056
8 True 1 0.58659
6 True 1 0.662517
2 False 1 0.429278
16 True 1 0.755606
3 False 1 0.353643
200 True 1 0.78652
56 True 1 0.783275
66 True 1 0.744196
2 False 1 0.397666
44 True 1 0.769306
200 True 1 0.783947
18 True 1 0.517075
13 True 1 0.754071
112 True 1 0.785311
124 True 1 0.756474
8 True 1 0.525461
10 True 1 0.717672
6 True 1 0.662773
92 True 1 0.78644
11 True 1 0.711546
22 True 1 0.578771
2 False 1 0.334193
2 False 1 0.257954
43 True 1 0.770314
35 True 1 0.73164
21 True 1 0.784881
2 True 1 0.565728
4 True 1 0.578416
12 True 1 0.593101
22 True 1 0.64592
3 False 1 0.299429
28 True 1 0.653666
7 False 1 0.491965
6 True 1 0.662021
2 False 1 0.236582
5 False 1 0.449309
2 False 1 0.253102
5 False 1 0.411522
35 True 1 0.675314
50 True 1 0.745811
3 False 1 0.376549
122 True 1 0.77768
21 True 1 0.762891
136 True 1 0.701284
2 True 1 0.565728
2 False 1 0.303709
11 True 1 0.552757
11 False 1 0.471719
2 False 1 0.231915
34 True 1 0.778763
16 True 1 0.729888
87 True 1 0.751047
3 False 1 0.291777
3 False 1 0.488593
125 True 1 0.755663
200 True 1 0.757297
13 True 1 0.72349
2 False 1 0.23402
71 True 1 0.779485
6 False 1 0.491052
8 True 1 0.712214
7 True 1 0.688495
99 True 1 0.781318
20 True 1 0.683551
15 True 1 0.755527
155 True 1 0.67391
2 False 1 0.277445
80 True 1 0.785641
200 True 1 0.787344
19 True 1 0.775981
2 False 1 0.225872
4 False 1 0.437252
13 True 1 0.754668
15 True 1 0.734382
17 True 1 0.762836
11 True 1 0.718303
3 True 1 0.526803
200 True 1 0.737507
10 True 1 0.692264
14 True 1 0.515666
2 False 1 0.202294
16 True 1 0.511493
9 True 1 0.718502
129 True 1 0.781132
70 True 1 0.772751
13 True 1 0.650184
141 True 1 0.683964
3 False 1 0.268043
80 True 1 0.77222
7 True 1 0.666482
6 True 1 0.514502
200 True 1 0.782539
17 True 1 0.760849
32 True 1 0.783959
19 True 1 0.773493
52 True 1 0.818807
13 True 1 0.730881
44 True 1 0.785774
2 False 1 0.230605
12 True 1 0.730045
200 True 1 0.785198
29 True 1 0.76203
2 False 1 0.280034
4 True 1 0.570794
2 True 1 0.565728
17 True 1 0.573575
200 True 1 0.740033
6 False 1 0.462035
24 True 1 0.778865
47 True 1 0.788138
22 True 1 0.773542
7 False 1 0.407238
10 True 1 0.553602
57 True 1 0.779398
112 True 1 0.753529
100 True 1 0.656806
21 True 1 0.747679
17 True 1 0.769278
6 True 1 0.639786
200 True 1 0.766669
200 True 1 0.785048
57 True 1 0.591852
44 True 1 0.785638
4 False 1 0.326336
57 True 1 0.778712
6 True 1 0.571682
27 True 1 0.77264
2 False 1 0.429464
20 True 1 0.722699
6 False 1 0.432352
200 True 1 0.760114
200 True 1 0.77954
40 True 1 0.774819
27 True 1 0.695377
15 True 1 0.759106
6 True 1 0.514457
10 True 1 0.518258
16 True 1 0.766371
25 True 1 0.783331
8 True 1 0.703836
145 True 1 0.760978
3 True 1 0.521715
74 True 1 0.773873
85 True 1 0.790225
200 True 1 0.681698
179 True 1 0.782123
19 True 1 0.738966
51 True 1 0.789164
16 True 1 0.610868
6 True 1 0.522179
20 True 1 0.731223
14 True 1 0.738164
20 True 1 0.746705
84 True 1 0.771986
103 True 1 0.758741
41 True 1 0.754675
25 True 1 0.658261
11 True 1 0.730812
9 True 1 0.724135
11 True 1 0.740609
138 True 1 0.747508
2 False 1 0.228732
2 False 1 0.327587
108 True 1 0.670724
21 True 1 0.736095
2 False 1 0.204644
8 True 1 0.677926
5 False 1 0.338531
130 True 1 0.770082
9 True 1 0.718764
18 True 1 0.769441
200 True 1 0.747515
3 True 1 0.528376
79 True 1 0.778117
20 True 1 0.781325
22 True 1 0.734238
42 True 1 0.628323
44 True 1 0.670324
37 True 1 0.753678
36 True 1 0.762778
69 True 1 0.769075
70 True 1 0.751318
2 False 1 0.225852
113 True 1 0.753204
62 True 1 0.686958
7 True 1 0.547361
7 True 1 0.689208
200 True 1 0.687773
63 True 1 0.636861
11 True 1 0.710302
70 True 1 0.702879
66 True 1 0.757752
2 False 1 0.245468
200 True 1 0.761006
192 True 1 0.779122
2 False 1 0.442723
8 True 1 0.681876
154 True 1 0.78009
8 False 1 0.46209
13 True 1 0.742535
200 True 1 0.777813
21 True 1 0.733326
3 False 1 0.288012
3 True 1 0.526461
7 True 1 0.691655
13 True 1 0.538653
53 True 1 0.661711
6 True 1 0.659159
41 True 1 0.77515
17 True 1 0.679219
5 True 1 0.615584
81 True 1 0.762582
60 True 1 0.701007
50 True 1 0.738931
50 True 1 0.664784
200 True 1 0.774413
111 True 1 0.72526
22 True 1 0.779776
2 False 1 0.201844
2 False 1 0.292674
23 True 1 0.74432
37 True 1 0.772993
200 True 1 0.751303
19 True 1 0.769122
13 True 1 0.744096
4 True 1 0.580267
5 True 1 0.632254
200 True 1 0.755431
2 False 1 0.285261
5 False 1 0.49266
24 True 1 0.7469
20 True 1 0.714723
200 True 1 0.777889
69 True 1 0.785341
200 True 1 0.773034
82 True 1 0.751034
2 False 1 0.210231
4 False 1 0.455905
45 True 1 0.724399
25 True 1 0.762431
44 True 1 0.726303
179 True 1 0.753953
8 True 1 0.698773
31 True 1 0.715749
30 True 1 0.78297
63 True 1 0.776888
200 True 1 0.752405
12 True 1 0.717787
8 True 1 0.680039
200 True 1 0.78148
45 True 1 0.547596
3 False 1 0.288877
2 False 1 0.251501
145 True 1 0.709583
2 False 1 0.238132
200 True 1 0.72764
151 True 1 0.705478
27 True 1 0.78126
13 True 1 0.510119
11 True 1 0.72121
91 True 1 0.701584
3 False 1 0.283208
12 True 1 0.504086
64 True 1 0.638161
200 True 1 0.780158
10 True 1 0.695066
29 True 1 0.772195
200 True 1 0.69637
8 True 1 0.581204
66 True 1 0.712948
63 True 1 0.764454
9 True 1 0.715111
22 True 1 0.702079
5 False 1 0.389132
8 False 1 0.481318
2 False 1 0.23555
11 True 1 0.758102
2 False 1 0.23037
10 True 1 0.649189
2 False 1 0.432563
65 True 1 0.7793
4 True 1 0.558547
24 True 1 0.760997
17 True 1 0.771274
55 True 1 0.748153
58 True 1 0.756476
25 True 1 0.784475
5 False 1 0.441354
200 True 1 0.750745
50 True 1 0.755542
43 True 1 0.624646
18 True 1 0.758779
20 True 1 0.687448
200 True 1 0.770892
66 True 1 0.736704
2 False 1 0.22916
200 True 1 0.778821
18 True 1 0.697981
15 True 1 0.729526
4 True 1 0.586668
14 True 1 0.658316
14 True 1 0.73757
5 True 1 0.551343
27 True 1 0.617975
5 True 1 0.594294
3 False 1 0.282753
25 True 1 0.618468
19 True 1 0.509189
200 True 1 0.690548
45 True 1 0.75504
5 True 1 0.621864
12 True 1 0.728082
8 True 1 0.53004
12 True 1 0.672719
5 True 1 0.610078
25 True 1 0.782736
3 False 1 0.18601
2 False 1 0.429508
2 False 1 0.434223
2 False 1 0.40966
200 True 1 0.663754
19 True 1 0.672821
61 True 1 0.759488
2 False 1 0.322467
200 True 1 0.783142
65 True 1 0.577573
8 True 1 0.616315
25 True 1 0.792725
163 True 1 0.748465
122 True 1 0.759298
24 True 1 0.757708
3 False 1 0.285692
12 True 1 0.730062
22 True 1 0.752639
5 False 1 0.362012
32 True 1 0.695302
200 True 1 0.744826
18 True 1 0.708757
17 True 1 0.774364
3 False 1 0.363622
200 True 1 0.776315
56 True 1 0.776946
189 True 1 0.773444
200 True 1 0.697521
7 True 1 0.691483
8 True 1 0.695491
2 False 1 0.208358
118 True 1 0.776012
20 True 1 0.717275
2 False 1 0.231115
6 True 1 0.660382
11 True 1 0.647882
3 False 1 0.279604
4 False 1 0.437912
11 True 1 0.691779
3 False 1 0.256701
19 True 1 0.737951
18 True 1 0.768294
2 True 1 0.565728
11 True 1 0.591453
49 True 1 0.775899
200 True 1 0.781263
6 True 1 0.654373
4 False 1 0.310277
86 True 1 0.746726
8 True 1 0.711775
87 True 1 0.763594
200 True 1 0.786543
96 True 1 0.687203
8 True 1 0.603236
11 True 1 0.626418
5 False 1 0.473317
2 False 1 0.203479
200 True 1 0.783699
27 True 1 0.784992
2 False 1 0.234326
33 True 1 0.738572
78 True 1 0.766779
24 True 1 0.753748
48 True 1 0.759077
35 True 1 0.776052
2 True 0 0.214712
6 False 0 0.661334
4 True 0 0.434141
10 False 0 0.56245
5 True 0 0.388066
30 False 0 0.637104
4 True 0 0.323782
2 True 0 0.219334
6 True 0 0.411606
7 False 0 0.639891
2 True 0 0.278261
2 True 0 0.434563
4 True 0 0.322863
13 False 0 0.652555
3 True 0 0.281365
24 False 0 0.764337
3 True 0 0.268897
5 True 0 0.355623
12 False 0 0.614524
9 False 0 0.704966
4 True 0 0.336576
3 True 0 0.488642
12 True 0 0.498248
2 True 0 0.242909
7 True 0 0.457488
2 True 0 0.210231
6 False 0 0.666424
3 True 0 0.284224
5 True 0 0.435694
2 True 0 0.220668
2 True 0 0.219334
10 False 0 0.734472
3 True 0 0.333237
3 False 0 0.520694
3 True 0 0.307527
4 True 0 0.313118
7 False 0 0.670342
2 True 0 0.212947
3 False 0 0.51854
2 True 0 0.234871
2 True 0 0.248197
4 True 0 0.320473
3 True 0 0.293183
3 True 0 0.271583
3 True 0 0.287648
9 True 0 0.467484
6 False 0 0.652039
14 False 0 0.600264
10 True 0 0.477628
5 True 0 0.382014
2 False 0 0.565728
3 True 0 0.362443
2 True 0 0.2874
3 False 0 0.587654
2 True 0 0.244989
4 True 0 0.365877
34 False 0 0.782035
3 True 0 0.267232
3 True 0 0.268897
2 True 0 0.243022
3 True 0 0.375748
2 True 0 0.379627
2 True 0 0.27081
4 True 0 0.309301
4 True 0 0.465455
9 False 0 0.695214
8 True 0 0.451739
15 False 0 0.563718
6 True 0 0.494517
6 True 0 0.374658
2 True 0 0.225435
14 False 0 0.530903
25 False 0 0.656481
5 True 0 0.476022
5 True 0 0.34156
7 False 0 0.679986
10 True 0 0.483988
6 True 0 0.38422
2 False 0 0.565728
11 False 0 0.569972
4 True 0 0.306052
2 False 0 0.565728
4 True 0 0.319176
10 False 0 0.719913
5 True 0 0.349654
5 True 0 0.358806
4 True 0 0.324619
2 True 0 0.227621
3 False 0 0.517556
2 True 0 0.24798
10 True 0 0.462245
4 True 0 0.367471
2 True 0 0.216905
3 True 0 0.302693
4 True 0 0.386263
3 True 0 0.264064
3 True 0 0.274646
37 False 0 0.787588
2 True 0 0.305615
31 False 0 0.769772
15 False 0 0.639942
3 True 0 0.248598
6 True 0 0.477526
3 True 0 0.307207
19 False 0 0.761163
2 True 0 0.220532
3 True 0 0.272498
2 True 0 0.220204
2 False 0 0.565728
7 False 0 0.556204
5 False 0 0.504186
3 True 0 0.282611
6 True 0 0.379652
7 False 0 0.590078
3 True 0 0.348062
4 True 0 0.29568
7 True 0 0.430789
2 True 0 0.233737
5 True 0 0.397981
7 True 0 0.416015
8 True 0 0.480145
6 True 0 0.347542
14 False 0 0.579144
4 False 0 0.57452
3 True 0 0.271532
9 False 0 0.687728
6 False 0 0.622054
3 True 0 0.476328
5 False 0 0.623465
3 True 0 0.276223
6 False 0 0.603587
2 False 0 0.565728
2 True 0 0.434089
3 True 0 0.277006
3 True 0 0.274239
4 True 0 0.496036
7 False 0 0.506264
4 True 0 0.351442
2 True 0 0.220167
21 False 0 0.77724
2 False 0 0.565728
6 True 0 0.359182
15 False 0 0.759385
14 False 0 0.768991
2 True 0 0.181468
4 True 0 0.370987
6 False 0 0.65615
2 True 0 0.207818
10 False 0 0.734589
35 False 0 0.737222
2 True 0 0.209974
2 True 0 0.206065
4 True 0 0.353251
2 False 0 0.565728
7 True 0 0.428817
4 True 0 0.417072
2 True 0 0.220204
3 False 0 0.526924
10 False 0 0.535709
4 True 0 0.391125
2 True 0 0.190855
2 True 0 0.228832
8 True 0 0.437459
5 True 0 0.39972
6 False 0 0.503297
4 True 0 0.418275
2 True 0 0.246268
2 False 0 0.565728
10 False 0 0.720626
2 True 0 0.215308
2 True 0 0.429713
7 True 0 0.427297
3 True 0 0.270994
10 False 0 0.713468
2 True 0 0.216096
3 True 0 0.275988
12 True 0 0.477584
3 False 0 0.587654
3 True 0 0.293571
2 True 0 0.37917
2 True 0 0.228248
2 False 0 0.565728
4 True 0 0.315784
3 False 0 0.587654
4 False 0 0.518691
13 False 0 0.715822
8 True 0 0.439715
3 True 0 0.280105
9 False 0 0.723759
2 True 0 0.25744
3 True 0 0.39505
4 True 0 0.394526
8 True 0 0.429063
5 True 0 0.357898
5 True 0 0.449908
3 True 0 0.343055
27 False 0 0.78225
4 True 0 0.495872
5 True 0 0.36451
3 True 0 0.312047
9 True 0 0.48512
7 False 0 0.687952
4 True 0 0.35113
2 True 0 0.214697
5 True 0 0.401097
3 True 0 0.330596
13 False 0 0.620483
7 True 0 0.481187
6 False 0 0.660908
2 False 0 0.565728
13 True 0 0.493695
2 True 0 0.229699
2 True 0 0.189335
7 True 0 0.406374
7 True 0 0.432782
200 False 0 0.785764
4 True 0 0.444692
10 False 0 0.737354
4 True 0 0.361761
3 True 0 0.379228
12 False 0 0.649505
3 True 0 0.275965
15 False 0 0.616845
2 True 0 0.238864
3 True 0 0.27797
21 False 0 0.666514
10 False 0 0.735516
2 True 0 0.429638
4 True 0 0.400788
2 True 0 0.204809
2 True 0 0.210231
14 False 0 0.639073
9 False 0 0.615153
33 False 0 0.751613
89 False 0 0.776689
4 True 0 0.448561
2 True 0 0.380608
10 False 0 0.599133
2 True 0 0.245287
4 False 0 0.58761
3 True 0 0.33384
5 True 0 0.382177
2 True 0 0.255595
3 True 0 0.49007
2 True 0 0.217484
2 True 0 0.42932
4 False 0 0.584762
3 True 0 0.326889
8 False 0 0.707856
7 True 0 0.409956
3 True 0 0.283526
40 False 0 0.587093
5 True 0 0.379728
4 True 0 0.326838
22 False 0 0.77517
5 False 0 0.621507
3 True 0 0.311893
3 True 0 0.365037
2 True 0 0.210081
4 True 0 0.322689
20 False 0 0.683824
21 False 0 0.741642
2 True 0 0.274734
3 True 0 0.365148
15 False 0 0.616851
3 True 0 0.285695
23 False 0 0.679092
