200 True 1 0.739756
48 True 1 0.741306
200 True 1 0.756235
6 True 1 0.540644
9 True 1 0.695671
200 True 1 0.727079
200 True 1 0.688266
3 False 1 0.275603
2 False 1 0.31526
188 True 1 0.716056
53 True 1 0.69942
197 True 1 0.761014
31 True 1 0.734338
21 True 1 0.724039
119 True 1 0.74899
5 True 1 0.512022
18 True 1 0.701266
84 True 1 0.744675
8 True 1 0.68091
108 True 1 0.758538
5 False 1 0.365262
4 True 1 0.555164
28 True 1 0.744177
8 True 1 0.665315
5 True 1 0.503862
60 True 1 0.752751
22 True 1 0.733528
9 True 1 0.684312
200 True 1 0.681269
5 True 1 0.597809
5 False 1 0.341474
9 True 1 0.664738
17 True 1 0.744786
57 True 1 0.729603
15 True 1 0.707691
163 True 1 0.739472
32 True 1 0.627896
3 False 1 0.474316
10 True 1 0.577938
97 True 1 0.586664
35 True 1 0.74993
8 True 1 0.587073
2 False 1 0.414132
49 True 1 0.76182
106 True 1 0.726672
11 True 1 0.709468
7 True 1 0.663238
88 True 1 0.693658
127 True 1 0.710305
50 True 1 0.724876
15 True 1 0.712803
5 True 1 0.612399
8 True 1 0.680772
200 True 1 0.754743
6 True 1 0.630287
2 False 1 0.246573
42 True 1 0.725772
20 True 1 0.705115
18 True 1 0.677598
70 True 1 0.760562
162 True 1 0.713103
83 True 1 0.759354
27 True 1 0.756619
4 True 1 0.565941
5 False 1 0.39082
2 False 1 0.375414
24 True 1 0.740171
7 True 1 0.630874
57 True 1 0.729405
200 True 1 0.700454
40 True 1 0.744368
92 True 1 0.739903
2 False 1 0.405564
49 True 1 0.72109
2 False 1 0.201472
25 True 1 0.719635
91 True 1 0.684973
175 True 1 0.752021
9 True 1 0.697768
200 True 1 0.691449
76 True 1 0.727343
122 True 1 0.762753
15 True 1 0.722484
134 True 1 0.696473
200 True 1 0.71785
8 True 1 0.515281
152 True 1 0.753417
44 True 1 0.689419
8 True 1 0.683563
11 True 1 0.706098
7 True 1 0.652899
87 True 1 0.741915
79 True 1 0.724209
33 True 1 0.748103
4 False 1 0.383151
21 True 1 0.712306
15 True 1 0.530526
200 True 1 0.690467
63 True 1 0.748268
65 True 1 0.735265
2 False 1 0.237387
10 True 1 0.686043
2 False 1 0.317001
200 True 1 0.758679
20 True 1 0.708027
19 True 1 0.738946
29 True 1 0.709212
31 True 1 0.707082
5 False 1 0.333905
33 True 1 0.743863
13 True 1 0.723331
200 True 1 0.723266
23 True 1 0.707695
17 True 1 0.740374
32 True 1 0.759105
17 True 1 0.726626
6 True 1 0.640264
14 True 1 0.719114
26 True 1 0.733796
59 True 1 0.679379
6 True 1 0.645915
2 False 1 0.192067
13 True 1 0.672521
66 True 1 0.701673
16 True 1 0.68166
97 True 1 0.678737
130 True 1 0.746453
3 False 1 0.374858
10 True 1 0.544884
10 True 1 0.666524
5 False 1 0.38298
112 True 1 0.742212
4 False 1 0.354954
36 True 1 0.76098
8 True 1 0.663052
3 False 1 0.491375
11 True 1 0.652432
25 True 1 0.675582
5 True 1 0.599282
9 False 1 0.46711
20 True 1 0.737831
154 True 1 0.758431
27 True 1 0.744691
2 False 1 0.264212
100 True 1 0.735471
3 False 1 0.393272
70 True 1 0.712674
22 True 1 0.720829
46 True 1 0.735011
200 True 1 0.745914
45 True 1 0.715293
111 True 1 0.749573
7 False 1 0.434138
5 False 1 0.407231
183 True 1 0.758368
30 True 1 0.737429
82 True 1 0.734739
6 True 1 0.53556
9 True 1 0.673799
7 True 1 0.655369
73 True 1 0.744893
8 True 1 0.58797
16 True 1 0.683661
18 True 1 0.689578
12 True 1 0.721451
46 True 1 0.707744
100 True 1 0.756611
42 True 1 0.726908
99 True 1 0.746848
11 True 1 0.640711
200 True 1 0.761347
35 True 1 0.755285
69 True 1 0.760128
6 True 1 0.64158
200 True 1 0.752231
20 True 1 0.671602
2 False 1 0.224687
17 True 1 0.734297
4 False 1 0.472097
31 True 1 0.756514
2 False 1 0.302713
12 True 1 0.617618
6 False 1 0.403966
3 False 1 0.306449
4 True 1 0.565316
3 False 1 0.234024
118 True 1 0.755268
2 False 1 0.258009
8 True 1 0.538948
13 True 1 0.672336
37 True 1 0.754401
3 False 1 0.361905
5 True 1 0.526797
2 False 1 0.237089
19 True 1 0.712034
200 True 1 0.724187
70 True 1 0.653101
14 True 1 0.592586
6 True 1 0.632656
90 True 1 0.722165
2 False 1 0.2143
111 True 1 0.713947
15 True 1 0.734598
44 True 1 0.728641
2 False 1 0.21231
2 False 1 0.217766
23 True 1 0.749771
128 True 1 0.760994
200 True 1 0.719652
12 True 1 0.716427
14 True 1 0.667683
19 True 1 0.740805
8 True 1 0.664173
6 True 1 0.635107
200 True 1 0.760013
200 True 1 0.760244
2 False 1 0.234982
6 True 1 0.64102
7 True 1 0.634881
5 False 1 0.375823
3 False 1 0.486813
13 True 1 0.713396
7 False 1 0.41756
200 True 1 0.680336
67 True 1 0.684806
8 True 1 0.545495
43 True 1 0.714526
2 False 1 0.261608
145 True 1 0.701087
105 True 1 0.762043
18 True 1 0.679397
52 True 1 0.757922
143 True 1 0.727593
44 True 1 0.757132
6 True 1 0.639889
200 True 1 0.760311
5 False 1 0.498423
16 True 1 0.726927
21 True 1 0.745507
155 True 1 0.725435
6 True 1 0.561357
29 True 1 0.74926
6 True 1 0.613292
8 True 1 0.611542
7 True 1 0.648997
14 True 1 0.70539
18 True 1 0.738925
14 True 1 0.675961
65 True 1 0.751708
35 True 1 0.748898
3 False 1 0.279931
57 True 1 0.757416
100 True 1 0.749805
200 True 1 0.711898
18 True 1 0.745681
4 False 1 0.39849
11 True 1 0.58684
32 True 1 0.749411
9 True 1 0.590225
23 True 1 0.720598
89 True 1 0.681701
3 True 1 0.50355
3 False 1 0.496619
3 True 1 0.628366
12 True 1 0.718873
16 True 1 0.738486
90 True 1 0.740772
91 True 1 0.684984
3 False 1 0.285726
2 True 1 0.605932
200 True 1 0.731798
17 True 1 0.66365
54 True 1 0.759095
4 False 1 0.360663
6 False 1 0.377162
27 True 1 0.673742
18 True 1 0.740611
2 False 1 0.391436
6 True 1 0.537883
200 True 1 0.756851
14 True 1 0.68814
6 True 1 0.54161
27 True 1 0.737004
200 True 1 0.679956
59 True 1 0.657823
17 True 1 0.72344
70 True 1 0.758426
199 True 1 0.766993
200 True 1 0.732457
45 True 1 0.759224
15 True 1 0.718029
18 True 1 0.547293
62 True 1 0.748716
41 True 1 0.741214
16 True 1 0.733197
10 False 1 0.484576
8 True 1 0.682986
20 True 1 0.707171
130 True 1 0.741267
138 True 1 0.753386
80 True 1 0.754513
3 False 1 0.386439
24 True 1 0.742906
10 True 1 0.586931
7 True 1 0.588546
2 False 1 0.221833
17 True 1 0.648379
11 True 1 0.69527
25 True 1 0.742516
200 True 1 0.740558
2 False 1 0.413932
108 True 1 0.706815
10 True 1 0.648533
58 True 1 0.740971
19 True 1 0.730609
2 False 1 0.20646
2 False 1 0.412915
6 False 1 0.388813
85 True 1 0.737714
2 False 1 0.41281
116 True 1 0.740909
200 True 1 0.758961
200 True 1 0.736925
3 False 1 0.496587
13 True 1 0.712399
146 True 1 0.706461
12 True 1 0.600906
2 False 1 0.39898
12 True 1 0.578348
8 False 1 0.497687
75 True 1 0.721068
200 True 1 0.676558
200 True 1 0.758267
141 True 1 0.712582
29 True 1 0.742263
25 True 1 0.720511
17 True 1 0.709566
4 False 1 0.379213
8 True 1 0.598182
6 True 1 0.569541
10 True 1 0.677876
30 True 1 0.709681
9 False 1 0.486446
5 False 1 0.373852
18 True 1 0.736019
134 True 1 0.760531
12 True 1 0.706038
27 True 1 0.689373
50 True 1 0.732122
20 True 1 0.683599
4 True 1 0.563343
200 True 1 0.700527
62 True 1 0.758714
7 True 1 0.53017
33 True 1 0.734561
12 True 1 0.594703
53 True 1 0.750487
113 True 1 0.741185
6 False 1 0.37126
23 True 1 0.679647
9 True 1 0.692876
9 False 1 0.471972
5 False 1 0.384338
41 True 1 0.741192
27 True 1 0.755816
66 True 1 0.744017
189 True 1 0.753486
18 True 1 0.742406
12 True 1 0.723426
2 False 1 0.197154
2 False 1 0.238032
200 True 1 0.71234
4 False 1 0.322131
99 True 1 0.697831
14 True 1 0.676683
74 True 1 0.735522
28 True 1 0.734176
136 True 1 0.694099
69 True 1 0.743119
200 True 1 0.741798
20 True 1 0.662114
57 True 1 0.673578
43 True 1 0.750477
9 True 1 0.682838
44 True 1 0.740478
20 True 1 0.564578
179 True 1 0.752862
2 False 1 0.312946
66 True 1 0.749581
33 True 1 0.729056
26 True 1 0.747657
92 True 1 0.725562
200 True 1 0.737123
7 True 1 0.659405
32 True 1 0.69225
5 True 1 0.60075
67 True 1 0.77693
39 True 1 0.753336
8 True 1 0.679475
89 True 1 0.759223
200 True 1 0.744543
41 True 1 0.725498
3 False 1 0.327743
5 True 1 0.607416
13 True 1 0.516214
2 False 1 0.403442
23 True 1 0.716715
200 True 1 0.734608
95 True 1 0.721291
4 False 1 0.355439
40 True 1 0.757519
6 False 1 0.462395
6 True 1 0.642755
162 True 1 0.71131
54 True 1 0.705589
11 True 1 0.714566
200 True 1 0.753506
3 False 1 0.335961
8 True 1 0.669647
7 True 1 0.662701
19 True 1 0.536056
2 False 1 0.367918
35 True 1 0.744393
19 True 1 0.724272
8 True 1 0.550694
2 False 1 0.29569
33 True 1 0.706112
200 True 1 0.758986
2 False 1 0.260745
2 False 1 0.2255
18 True 1 0.733934
4 False 1 0.436059
200 True 1 0.749176
2 False 1 0.415869
2 False 1 0.224948
87 True 1 0.734968
14 True 1 0.72661
15 True 1 0.713021
5 False 1 0.411866
16 True 1 0.644812
10 True 1 0.706644
20 True 1 0.744009
34 True 1 0.713394
30 True 1 0.74482
42 True 1 0.74436
41 True 1 0.735002
8 True 1 0.687
3 False 1 0.295401
11 True 1 0.58742
51 True 1 0.735469
30 True 1 0.749338
124 True 1 0.758061
8 True 1 0.67062
11 True 1 0.679156
44 True 1 0.679936
138 True 1 0.756374
124 True 1 0.743051
9 False 1 0.477599
200 True 1 0.748475
129 True 1 0.765959
51 True 1 0.741522
8 True 1 0.626088
67 True 1 0.671845
11 True 1 0.650876
7 False 1 0.447243
29 True 1 0.724846
4 False 1 0.450717
2 False 1 0.213012
2 True 0 0.224769
3 True 0 0.33614
25 False 0 0.75288
7 False 0 0.512794
4 True 0 0.324246
5 True 0 0.376875
2 True 0 0.211428
7 False 0 0.548019
3 True 0 0.303618
10 False 0 0.576675
11 False 0 0.594161
3 True 0 0.281749
89 False 0 0.756788
4 True 0 0.323079
5 True 0 0.412026
4 True 0 0.342897
4 True 0 0.439505
5 False 0 0.509497
4 True 0 0.33168
7 False 0 0.574148
15 False 0 0.732285
6 True 0 0.372954
3 True 0 0.342828
4 True 0 0.392281
4 False 0 0.628395
2 True 0 0.286327
27 False 0 0.743429
3 True 0 0.286957
2 True 0 0.211428
3 True 0 0.252759
4 True 0 0.316601
15 False 0 0.657564
3 True 0 0.390367
2 True 0 0.415917
2 True 0 0.205834
13 False 0 0.645799
6 False 0 0.642954
21 False 0 0.677267
4 False 0 0.547461
10 True 0 0.497084
3 True 0 0.29691
5 True 0 0.461217
2 True 0 0.20617
3 True 0 0.277239
3 True 0 0.264224
7 False 0 0.648372
2 True 0 0.282855
2 True 0 0.221658
21 False 0 0.571453
6 True 0 0.347427
5 True 0 0.399322
2 True 0 0.221843
7 False 0 0.650801
6 True 0 0.417223
7 True 0 0.451555
5 False 0 0.512691
5 True 0 0.384959
6 False 0 0.64071
2 True 0 0.214435
18 False 0 0.580194
8 True 0 0.435287
2 True 0 0.256887
4 False 0 0.56144
12 False 0 0.653015
4 False 0 0.540607
15 False 0 0.61327
5 False 0 0.528122
2 True 0 0.198376
2 True 0 0.378453
5 True 0 0.369232
2 True 0 0.413147
8 False 0 0.528973
2 True 0 0.41035
10 False 0 0.691202
3 True 0 0.498999
2 True 0 0.18198
2 True 0 0.414233
3 True 0 0.227744
2 True 0 0.316202
9 False 0 0.686124
10 False 0 0.709231
2 True 0 0.219989
7 True 0 0.435424
3 True 0 0.278681
2 False 0 0.605932
2 True 0 0.258623
6 True 0 0.450479
6 False 0 0.640127
4 True 0 0.368597
6 False 0 0.504445
2 True 0 0.213313
7 True 0 0.450529
2 False 0 0.605932
12 False 0 0.723761
3 True 0 0.288724
8 False 0 0.534844
3 True 0 0.263473
7 True 0 0.436573
12 False 0 0.504114
3 True 0 0.269972
5 True 0 0.356963
4 True 0 0.372962
2 True 0 0.215606
8 True 0 0.485687
2 True 0 0.377665
3 True 0 0.28857
2 True 0 0.173159
4 True 0 0.371793
2 True 0 0.253906
2 True 0 0.284489
2 True 0 0.181812
10 False 0 0.693884
19 False 0 0.740839
2 True 0 0.199113
4 False 0 0.565066
2 True 0 0.230229
5 True 0 0.441675
2 True 0 0.263647
2 True 0 0.198208
2 False 0 0.605932
8 False 0 0.557886
3 False 0 0.505865
5 False 0 0.611448
5 True 0 0.371066
2 True 0 0.234352
15 False 0 0.515007
3 True 0 0.282731
6 True 0 0.386006
6 True 0 0.396603
2 True 0 0.216618
12 False 0 0.527438
4 True 0 0.373331
3 False 0 0.628366
6 True 0 0.386742
3 True 0 0.350839
4 False 0 0.628395
7 True 0 0.483842
11 False 0 0.64415
2 True 0 0.251822
2 True 0 0.206304
2 True 0 0.332304
2 True 0 0.20674
3 True 0 0.283831
5 True 0 0.364722
2 True 0 0.239417
13 False 0 0.527561
4 True 0 0.330676
2 True 0 0.186915
3 True 0 0.214325
4 True 0 0.440377
6 True 0 0.434787
2 True 0 0.316366
3 True 0 0.319825
2 True 0 0.253629
2 True 0 0.201465
7 True 0 0.427198
2 True 0 0.236906
5 False 0 0.597146
2 True 0 0.227535
2 True 0 0.316741
7 False 0 0.637693
4 True 0 0.319262
19 False 0 0.557079
8 False 0 0.536937
7 True 0 0.421605
4 True 0 0.335709
2 True 0 0.225069
5 True 0 0.487961
5 True 0 0.308467
3 True 0 0.48604
5 True 0 0.36483
3 True 0 0.368723
2 True 0 0.238151
7 False 0 0.500569
2 True 0 0.2223
3 True 0 0.364687
4 False 0 0.504066
3 True 0 0.377116
4 True 0 0.372395
5 True 0 0.349234
6 True 0 0.493074
3 True 0 0.300706
7 False 0 0.664103
37 False 0 0.736047
7 False 0 0.653602
2 True 0 0.254062
3 True 0 0.294883
22 False 0 0.743849
7 False 0 0.650241
5 True 0 0.38209
8 False 0 0.592529
4 True 0 0.434958
3 True 0 0.295192
4 True 0 0.376727
3 True 0 0.202348
3 False 0 0.503425
2 True 0 0.205212
3 True 0 0.30055
15 False 0 0.718055
3 True 0 0.307994
2 True 0 0.324281
2 False 0 0.605932
4 True 0 0.475917
7 False 0 0.656318
3 True 0 0.499797
34 False 0 0.739209
18 False 0 0.736429
6 True 0 0.395176
4 True 0 0.392173
12 False 0 0.505629
7 False 0 0.544904
9 True 0 0.496131
15 False 0 0.572121
2 True 0 0.235528
3 True 0 0.293698
5 True 0 0.348532
2 True 0 0.263246
2 True 0 0.411182
16 False 0 0.730537
14 False 0 0.623041
2 False 0 0.605932
2 True 0 0.265984
15 False 0 0.711823
5 False 0 0.600962
4 True 0 0.33826
28 False 0 0.604589
11 False 0 0.555981
8 False 0 0.511205
2 True 0 0.254781
4 True 0 0.477527
35 False 0 0.69128
2 True 0 0.194806
10 False 0 0.703763
8 False 0 0.662816
10 False 0 0.541959
2 True 0 0.202339
10 False 0 0.698985
5 False 0 0.607224
6 True 0 0.45048
4 True 0 0.286783
9 False 0 0.667855
4 True 0 0.46436
2 True 0 0.234982
25 False 0 0.679471
3 True 0 0.35125
2 True 0 0.217333
10 False 0 0.698608
19 False 0 0.544533
2 True 0 0.193936
6 True 0 0.38891
4 False 0 0.540709
2 True 0 0.20674
5 False 0 0.605085
9 False 0 0.68229
15 False 0 0.718688
8 True 0 0.478265
4 True 0 0.377549
6 False 0 0.636978
6 True 0 0.471777
7 False 0 0.508633
3 True 0 0.390906
4 True 0 0.453624
3 True 0 0.25161
3 True 0 0.338487
2 True 0 0.25777
4 False 0 0.522095
2 True 0 0.411425
5 False 1 0.391124
4 True 1 0.552212
12 True 1 0.742303
23 True 1 0.782177
7 True 1 0.66833
200 True 1 0.721367
53 True 1 0.784593
3 False 1 0.473284
8 True 1 0.641872
81 True 1 0.767654
3 False 1 0.279538
41 True 1 0.764378
34 True 1 0.784014
12 True 1 0.704385
4 False 1 0.467183
162 True 1 0.756348
200 True 1 0.785511
21 True 1 0.744301
13 True 1 0.547564
8 True 1 0.531199
9 True 1 0.603877
8 True 1 0.61768
104 True 1 0.792997
80 True 1 0.78931
200 True 1 0.794039
121 True 1 0.788262
9 True 1 0.71837
38 True 1 0.749219
19 True 1 0.768322
24 True 1 0.791141
12 True 1 0.735299
5 False 1 0.468207
8 False 1 0.440246
13 True 1 0.62202
6 False 1 0.451962
193 True 1 0.730891
15 True 1 0.741873
4 True 1 0.505995
6 True 1 0.655712
7 True 1 0.680878
24 True 1 0.76552
2 False 1 0.29115
115 True 1 0.77224
8 True 1 0.611708
6 False 1 0.46794
141 True 1 0.6997
7 True 1 0.557962
12 True 1 0.74181
9 True 1 0.711516
13 True 1 0.76525
200 True 1 0.794899
45 True 1 0.781325
26 True 1 0.765873
200 True 1 0.784126
6 True 1 0.654617
116 True 1 0.761669
14 True 1 0.758926
4 False 1 0.427753
2 False 1 0.232321
7 False 1 0.47788
2 False 1 0.415262
7 False 1 0.414116
2 False 1 0.233056
162 True 1 0.741136
87 True 1 0.785161
48 True 1 0.771974
2 False 1 0.238033
20 True 1 0.784661
4 True 1 0.574134
25 True 1 0.676519
44 True 1 0.756366
145 True 1 0.726999
60 True 1 0.716608
19 True 1 0.696385
89 True 1 0.656013
10 True 1 0.730915
184 True 1 0.768095
70 True 1 0.650562
23 True 1 0.771825
8 True 1 0.711436
10 False 1 0.465909
3 True 1 0.50274
192 True 1 0.788966
59 True 1 0.685352
2 False 1 0.229444
128 True 1 0.749394
17 True 1 0.647147
2 False 1 0.416452
81 True 1 0.772234
5 False 1 0.40836
3 True 1 0.503043
8 True 1 0.586707
19 True 1 0.774757
2 False 1 0.219323
2 False 1 0.42223
200 True 1 0.797538
56 True 1 0.709213
11 True 1 0.537999
65 True 1 0.757725
3 False 1 0.296556
22 True 1 0.704157
3 False 1 0.480521
2 False 1 0.222094
136 True 1 0.791428
15 True 1 0.691704
10 True 1 0.700131
14 True 1 0.704028
200 True 1 0.747761
13 True 1 0.644259
4 True 1 0.555275
42 True 1 0.786318
10 True 1 0.72583
100 True 1 0.792878
5 True 1 0.620651
173 True 1 0.757372
6 False 1 0.382094
4 False 1 0.340031
3 True 1 0.510809
2 False 1 0.219214
16 True 1 0.764647
145 True 1 0.780734
20 True 1 0.696069
200 True 1 0.787875
34 True 1 0.777391
28 True 1 0.763202
3 True 1 0.505299
19 True 1 0.752978
4 False 1 0.379268
15 True 1 0.749962
5 True 1 0.60612
130 True 1 0.786234
32 True 1 0.781428
9 False 1 0.452736
12 True 1 0.737574
2 False 1 0.228703
16 True 1 0.76874
22 True 1 0.692651
40 True 1 0.629616
5 True 1 0.62256
20 True 1 0.738637
7 True 1 0.628251
50 True 1 0.752216
200 True 1 0.706733
200 True 1 0.783605
11 True 1 0.670322
2 False 1 0.416732
42 True 1 0.775474
31 True 1 0.791719
2 False 1 0.232256
38 True 1 0.778518
6 True 1 0.582213
5 False 1 0.368034
5 False 1 0.437273
36 True 1 0.759867
7 True 1 0.682854
3 False 1 0.273067
35 True 1 0.779334
54 True 1 0.795024
163 True 1 0.783322
7 True 1 0.658734
47 True 1 0.79569
8 True 1 0.595547
136 True 1 0.716354
13 True 1 0.756821
200 True 1 0.778983
5 False 1 0.361811
113 True 1 0.768276
24 True 1 0.752663
45 True 1 0.791918
15 True 1 0.765747
85 True 1 0.781266
22 True 1 0.778524
2 False 1 0.21932
18 True 1 0.809631
22 True 1 0.731786
8 True 1 0.590145
6 False 1 0.466534
27 True 1 0.636519
2 False 1 0.219536
18 True 1 0.772044
3 True 1 0.652448
10 True 1 0.723876
200 True 1 0.793934
179 True 1 0.785821
200 True 1 0.787205
16 True 1 0.766235
16 True 1 0.76711
50 True 1 0.755568
45 True 1 0.765778
2 False 1 0.254385
32 True 1 0.71061
128 True 1 0.795753
25 True 1 0.751494
35 True 1 0.774567
56 True 1 0.792559
3 False 1 0.277206
101 True 1 0.78491
157 True 1 0.78524
200 True 1 0.761329
27 True 1 0.780885
60 True 1 0.775425
7 False 1 0.4981
3 True 1 0.503186
2 False 1 0.220249
19 True 1 0.771399
200 True 1 0.788026
23 True 1 0.734114
24 True 1 0.762973
200 True 1 0.772834
200 True 1 0.758815
200 True 1 0.789273
8 True 1 0.703787
63 True 1 0.792681
24 True 1 0.774181
111 True 1 0.744153
82 True 1 0.644131
3 False 1 0.28786
116 True 1 0.78087
2 False 1 0.219402
5 False 1 0.376146
200 True 1 0.78692
14 True 1 0.509933
104 True 1 0.792176
23 True 1 0.769778
118 True 1 0.79212
171 True 1 0.79362
10 True 1 0.731189
18 True 1 0.768822
8 True 1 0.699917
17 True 1 0.757282
200 True 1 0.796817
55 True 1 0.768422
18 True 1 0.770481
25 True 1 0.785885
199 True 1 0.797139
19 True 1 0.778089
17 True 1 0.73067
8 True 1 0.642982
44 True 1 0.786521
5 True 1 0.588293
24 True 1 0.788613
168 True 1 0.795348
31 True 1 0.72623
2 False 1 0.303238
7 True 1 0.672045
200 True 1 0.750966
62 True 1 0.788475
2 False 1 0.229866
8 True 1 0.698289
25 True 1 0.673334
19 True 1 0.772162
200 True 1 0.761244
5 False 1 0.379738
28 True 1 0.786409
64 True 1 0.783809
100 True 1 0.766262
5 False 1 0.361133
19 True 1 0.778087
26 True 1 0.724324
200 True 1 0.750503
2 False 1 0.217994
183 True 1 0.793318
16 True 1 0.625206
14 True 1 0.749929
179 True 1 0.772022
47 True 1 0.687146
9 False 1 0.467217
2 False 1 0.221413
23 True 1 0.787406
129 True 1 0.800511
33 True 1 0.76852
3 False 1 0.369129
7 True 1 0.677292
17 True 1 0.632585
11 True 1 0.563262
5 True 1 0.622309
11 True 1 0.742121
44 True 1 0.790679
2 False 1 0.410696
113 True 1 0.771665
6 True 1 0.656444
17 True 1 0.749393
189 True 1 0.754743
3 False 1 0.488834
3 False 1 0.288681
122 True 1 0.789726
2 False 1 0.222521
2 False 1 0.328502
10 True 1 0.612842
118 True 1 0.734135
2 False 1 0.249762
80 True 1 0.78841
200 True 1 0.784436
34 True 1 0.798433
45 True 1 0.791044
8 True 1 0.548614
20 True 1 0.768378
4 True 1 0.573557
22 True 1 0.801218
27 True 1 0.793476
20 True 1 0.7932
7 False 1 0.416491
12 True 1 0.588439
6 True 1 0.639241
77 True 1 0.802288
10 True 1 0.664348
22 True 1 0.731776
12 True 1 0.742849
200 True 1 0.788813
138 True 1 0.763926
18 True 1 0.683998
10 True 1 0.729759
7 False 1 0.426124
5 True 1 0.591546
200 True 1 0.790998
7 True 1 0.687782
27 True 1 0.781369
62 True 1 0.784289
25 True 1 0.750138
10 True 1 0.540457
43 True 1 0.757393
21 True 1 0.751372
161 True 1 0.704159
16 True 1 0.768617
152 True 1 0.790174
2 False 1 0.24044
50 True 1 0.766093
11 True 1 0.622069
20 True 1 0.59897
41 True 1 0.75278
3 False 1 0.318787
66 True 1 0.762305
104 True 1 0.731207
200 True 1 0.75725
128 True 1 0.756762
30 True 1 0.777219
2 False 1 0.32212
14 True 1 0.768466
20 True 1 0.767591
2 False 1 0.220198
2 False 1 0.230533
15 True 1 0.668063
3 False 1 0.292791
200 True 1 0.793555
5 False 1 0.41042
8 True 1 0.585894
200 True 1 0.769277
7 False 1 0.418599
200 True 1 0.71454
5 True 1 0.514331
91 True 1 0.717262
161 True 1 0.697014
7 True 1 0.555292
88 True 1 0.709246
2 False 1 0.413323
149 True 1 0.795888
2 False 1 0.220305
2 False 1 0.287953
52 True 1 0.806562
12 True 1 0.697584
22 True 1 0.601176
2 False 1 0.273249
14 True 1 0.563622
155 True 1 0.774969
5 True 1 0.609102
200 True 1 0.790256
200 True 1 0.749197
23 True 1 0.691957
73 True 1 0.77314
4 False 1 0.408453
79 True 1 0.777988
3 True 1 0.505655
15 True 1 0.734436
50 True 1 0.775293
3 False 1 0.272015
5 True 1 0.511324
11 True 1 0.618614
42 True 1 0.677769
14 True 1 0.531098
20 True 1 0.731269
112 True 1 0.789379
2 False 1 0.40628
200 True 1 0.793929
200 True 1 0.784784
13 True 1 0.752042
200 True 1 0.793655
46 True 1 0.734591
93 True 1 0.789734
5 True 1 0.560634
200 True 1 0.77942
138 True 1 0.697483
111 True 1 0.795243
13 True 1 0.688988
4 False 1 0.318861
23 True 1 0.757612
38 True 1 0.671879
5 False 1 0.44074
25 True 1 0.611614
27 True 1 0.771413
86 True 1 0.764738
6 False 1 0.452373
21 True 1 0.783874
11 True 1 0.517271
134 True 1 0.796275
8 False 1 0.473324
2 False 1 0.219552
106 True 1 0.754298
111 True 1 0.792866
26 True 1 0.739246
69 True 1 0.777658
2 False 1 0.227925
18 True 1 0.688251
5 False 1 0.475082
15 True 1 0.530799
57 True 1 0.79218
152 True 1 0.786674
25 True 1 0.689905
25 True 1 0.769791
19 True 1 0.574332
2 False 1 0.232078
51 True 1 0.791951
75 True 1 0.747507
3 False 1 0.294262
2 False 1 0.225698
7 True 1 0.679055
78 True 1 0.774735
29 True 1 0.716564
2 False 1 0.22657
74 True 1 0.759489
33 True 1 0.69163
5 True 1 0.606984
89 True 1 0.779538
8 True 1 0.567038
70 True 1 0.774194
200 True 1 0.789399
41 True 1 0.803784
200 True 1 0.7886
16 True 1 0.774235
29 True 1 0.780726
125 True 1 0.77217
6 False 1 0.417955
129 True 1 0.771453
73 True 1 0.775705
10 True 1 0.735184
2 False 1 0.416895
25 True 1 0.787491
2 False 1 0.417122
67 True 1 0.832143
7 True 1 0.578049
12 True 1 0.724093
12 True 1 0.737029
4 True 1 0.553391
200 True 1 0.743215
76 True 1 0.6842
31 True 1 0.777724
17 True 1 0.743648
148 True 1 0.751809
46 True 1 0.771972
2 False 1 0.224668
30 True 1 0.770194
20 True 1 0.726233
20 True 1 0.69194
6 True 1 0.657663
11 False 1 0.482245
97 True 1 0.775782
100 True 1 0.791255
6 True 1 0.654952
90 True 1 0.773467
4 True 0 0.323932
2 True 0 0.219371
3 True 0 0.351431
4 True 0 0.325044
6 True 0 0.386748
5 True 0 0.374897
3 True 0 0.363165
3 False 0 0.505509
2 False 0 0.630396
2 True 0 0.219983
13 False 0 0.527729
7 False 0 0.594904
12 False 0 0.642629
2 True 0 0.25778
6 True 0 0.383494
3 True 0 0.291443
2 True 0 0.221902
4 False 0 0.573948
4 True 0 0.38726
4 True 0 0.424418
4 True 0 0.368918
5 True 0 0.39386
40 False 0 0.7137
3 True 0 0.27714
16 False 0 0.666286
13 False 0 0.709299
7 True 0 0.414896
2 True 0 0.233646
3 True 0 0.277235
7 True 0 0.486501
2 True 0 0.227049
2 True 0 0.228005
4 True 0 0.34362
62 False 0 0.761394
4 True 0 0.419755
4 True 0 0.322778
18 False 0 0.781208
7 True 0 0.455258
7 True 0 0.430464
2 False 0 0.630396
3 True 0 0.285013
13 False 0 0.726053
4 True 0 0.319941
3 True 0 0.318655
3 False 0 0.504906
22 False 0 0.537508
17 False 0 0.778779
2 True 0 0.219552
3 True 0 0.307109
11 False 0 0.705426
4 True 0 0.357335
2 True 0 0.219335
25 False 0 0.666004
14 False 0 0.769449
3 True 0 0.278015
2 True 0 0.244191
4 True 0 0.321671
5 False 0 0.620853
3 False 0 0.504698
5 True 0 0.496601
31 False 0 0.717028
4 True 0 0.357073
5 False 0 0.611593
8 True 0 0.471197
2 False 0 0.630396
2 True 0 0.413324
2 True 0 0.220386
2 True 0 0.237674
3 False 0 0.51059
3 True 0 0.311647
9 True 0 0.4774
2 True 0 0.240432
34 False 0 0.775483
10 False 0 0.72365
4 True 0 0.363294
2 True 0 0.219324
6 True 0 0.396638
15 False 0 0.745198
14 False 0 0.506332
3 True 0 0.342476
6 True 0 0.39175
2 True 0 0.245141
8 False 0 0.514358
12 False 0 0.645347
7 True 0 0.426381
4 False 0 0.652661
2 True 0 0.219345
2 True 0 0.219939
3 False 0 0.505314
11 False 0 0.64577
2 True 0 0.245127
12 True 0 0.498072
38 False 0 0.801381
3 True 0 0.270838
5 True 0 0.385245
37 False 0 0.768339
2 True 0 0.219555
2 True 0 0.220315
12 False 0 0.701553
2 True 0 0.222556
2 True 0 0.220072
5 True 0 0.365648
4 True 0 0.437735
5 True 0 0.359265
37 False 0 0.793898
4 True 0 0.325573
6 True 0 0.400566
16 False 0 0.758053
2 True 0 0.22557
4 True 0 0.460445
10 False 0 0.735626
4 True 0 0.392605
2 True 0 0.221881
27 False 0 0.780085
24 False 0 0.779351
7 False 0 0.65783
16 False 0 0.762647
10 True 0 0.47153
3 True 0 0.313439
3 True 0 0.292288
3 True 0 0.331605
8 False 0 0.538965
8 True 0 0.46255
5 True 0 0.378093
2 True 0 0.220806
5 True 0 0.395286
62 False 0 0.655089
3 True 0 0.380803
3 False 0 0.510822
2 True 0 0.220386
3 True 0 0.306074
6 True 0 0.416793
3 True 0 0.352572
6 True 0 0.483815
7 True 0 0.421178
4 False 0 0.574293
6 True 0 0.431138
6 True 0 0.410668
2 True 0 0.229134
2 True 0 0.239508
3 True 0 0.304661
5 True 0 0.38442
2 False 0 0.630396
3 True 0 0.274169
8 True 0 0.434696
3 True 0 0.289944
2 True 0 0.241711
7 False 0 0.64226
2 True 0 0.223509
2 False 0 0.630396
5 True 0 0.374202
21 False 0 0.753506
2 True 0 0.220509
4 True 0 0.448855
33 False 0 0.762876
13 False 0 0.701684
3 True 0 0.283955
56 False 0 0.788713
6 True 0 0.399578
3 True 0 0.292288
2 True 0 0.224625
2 True 0 0.305996
2 True 0 0.321412
2 True 0 0.225388
3 True 0 0.494294
4 True 0 0.373456
7 True 0 0.424983
4 True 0 0.464817
2 True 0 0.321519
7 True 0 0.425303
5 True 0 0.419467
3 True 0 0.327347
16 False 0 0.760038
5 True 0 0.403176
3 True 0 0.289389
4 True 0 0.325633
5 True 0 0.395578
2 True 0 0.256453
2 True 0 0.214673
4 False 0 0.515696
5 True 0 0.298133
9 False 0 0.504831
2 True 0 0.220305
9 False 0 0.717726
19 False 0 0.769773
3 True 0 0.295446
5 True 0 0.365148
3 True 0 0.273859
3 True 0 0.289695
11 False 0 0.529261
81 False 0 0.777169
4 True 0 0.362606
6 True 0 0.461488
3 True 0 0.330644
9 True 0 0.469637
6 True 0 0.395218
5 False 0 0.62014
3 True 0 0.279569
6 False 0 0.558966
15 False 0 0.744491
4 True 0 0.324834
4 True 0 0.494362
10 True 0 0.486026
8 False 0 0.576758
5 True 0 0.369011
2 True 0 0.230655
3 True 0 0.2933
4 True 0 0.324649
2 True 0 0.219424
4 True 0 0.372204
3 True 0 0.495396
2 True 0 0.413515
3 True 0 0.360092
4 True 0 0.39209
9 False 0 0.690574
2 True 0 0.271449
5 True 0 0.456144
8 True 0 0.456053
14 False 0 0.612644
7 False 0 0.658993
2 True 0 0.270608
8 False 0 0.712087
22 False 0 0.784952
6 False 0 0.604733
7 True 0 0.42329
7 False 0 0.683373
64 False 0 0.790146
11 True 0 0.486261
2 True 0 0.240346
3 True 0 0.305475
4 True 0 0.390038
3 True 0 0.30508
5 True 0 0.367686
4 True 0 0.323523
3 True 0 0.329657
3 False 0 0.505028
8 False 0 0.694573
7 True 0 0.487482
8 True 0 0.43583
12 False 0 0.505538
5 True 0 0.355689
3 True 0 0.348772
7 True 0 0.411341
10 False 0 0.737278
4 True 0 0.422144
2 True 0 0.218937
21 False 0 0.6808
22 False 0 0.513119
19 False 0 0.769274
5 True 0 0.358579
10 False 0 0.609189
6 False 0 0.654931
3 True 0 0.286558
5 True 0 0.36569
5 True 0 0.355091
3 True 0 0.312428
6 True 0 0.438969
11 True 0 0.471885
2 True 0 0.319892
6 False 0 0.655356
14 False 0 0.592958
5 True 0 0.356653
6 False 0 0.541381
4 True 0 0.331589
5 True 0 0.439543
2 True 0 0.416388
6 False 0 0.549578
157 True 1 0.788576
200 True 1 0.703187
13 True 1 0.577758
33 True 1 0.843876
38 True 1 0.834483
179 True 1 0.772319
9 True 1 0.584334
29 True 1 0.719618
35 True 1 0.77974
140 True 1 0.794232
7 False 1 0.412058
46 True 1 0.715321
10 True 1 0.663941
4 False 1 0.355989
200 True 1 0.813449
2 False 1 0.439746
11 True 1 0.81921
44 True 1 0.817632
13 True 1 0.501292
14 False 1 0.47529
82 True 1 0.770065
136 True 1 0.806666
100 True 1 0.770869
10 True 1 0.704361
3 False 1 0.280806
200 True 1 0.814841
5 True 1 0.545714
57 True 1 0.578755
3 False 1 0.29573
3 False 1 0.302742
2 False 1 0.43893
5 True 1 0.661123
161 True 1 0.72571
60 True 1 0.690281
12 True 1 0.75514
2 False 1 0.250913
2 False 1 0.219481
10 True 1 0.690971
25 True 1 0.640813
200 True 1 0.814937
98 True 1 0.570461
2 False 1 0.229638
73 True 1 0.815732
200 True 1 0.769227
7 False 1 0.479319
2 False 1 0.21985
11 True 1 0.516036
3 True 1 0.523696
4 True 1 0.58607
3 False 1 0.272038
122 True 1 0.810031
11 False 1 0.498705
8 True 1 0.593983
12 True 1 0.617749
25 True 1 0.766836
18 True 1 0.660419
17 True 1 0.721807
2 False 1 0.41653
84 True 1 0.791016
2 False 1 0.434471
6 True 1 0.504982
2 False 1 0.222638
54 True 1 0.764496
25 True 1 0.658636
6 False 1 0.398647
2 False 1 0.225314
3 False 1 0.362263
7 True 1 0.5609
19 True 1 0.805745
200 True 1 0.793275
47 True 1 0.826072
200 True 1 0.848116
7 True 1 0.722209
25 True 1 0.822315
162 True 1 0.723613
2 False 1 0.290418
200 True 1 0.743017
85 True 1 0.785179
25 True 1 0.820751
65 True 1 0.559738
4 False 1 0.390133
35 True 1 0.773307
14 True 1 0.511297
7 True 1 0.670838
4 False 1 0.4299
17 True 1 0.795075
2 False 1 0.247918
200 True 1 0.804169
6 False 1 0.448797
5 True 1 0.630482
18 True 1 0.773281
102 True 1 0.726378
5 False 1 0.376512
7 True 1 0.670476
11 True 1 0.741236
4 False 1 0.320827
4 False 1 0.316527
75 True 1 0.838721
44 True 1 0.800408
4 False 1 0.338125
6 True 1 0.501775
3 False 1 0.338769
5 False 1 0.351976
54 True 1 0.817095
108 True 1 0.652564
118 True 1 0.713652
10 True 1 0.743082
200 True 1 0.821687
95 True 1 0.79986
19 True 1 0.778517
12 True 1 0.682256
22 True 1 0.562094
16 True 1 0.781229
64 True 1 0.618375
2 False 1 0.247199
20 True 1 0.560785
22 True 1 0.877743
7 False 1 0.457115
8 True 1 0.572301
59 True 1 0.619865
16 True 1 0.67504
200 True 1 0.79079
19 True 1 0.536573
200 True 1 0.829827
34 True 1 0.707877
41 True 1 0.773673
92 True 1 0.824131
27 True 1 0.787084
3 False 1 0.278323
119 True 1 0.793314
14 True 1 0.697736
9 True 1 0.739174
3 True 1 0.526319
11 False 1 0.461922
22 True 1 0.813594
19 True 1 0.812651
3 True 1 0.502115
2 False 1 0.220102
70 True 1 0.693053
4 True 1 0.597475
91 True 1 0.65048
14 True 1 0.529568
8 False 1 0.446292
4 False 1 0.491273
2 False 1 0.232881
200 True 1 0.828087
3 False 1 0.280116
151 True 1 0.697506
8 True 1 0.703506
49 True 1 0.807105
2 False 1 0.21992
5 True 1 0.500573
19 True 1 0.811913
2 False 1 0.23581
92 True 1 0.740879
4 True 1 0.59833
7 True 1 0.709058
200 True 1 0.804345
6 True 1 0.681463
16 True 1 0.730617
5 False 1 0.482573
90 True 1 0.75375
15 True 1 0.792322
165 True 1 0.782977
90 True 1 0.830662
12 True 1 0.66348
111 True 1 0.813911
200 True 1 0.724994
7 True 1 0.707444
84 True 1 0.765083
7 True 1 0.533333
14 True 1 0.825333
59 True 1 0.653656
27 True 1 0.77544
50 True 1 0.748868
24 True 1 0.665897
11 True 1 0.687881
2 False 1 0.256441
63 True 1 0.618286
17 True 1 0.509624
2 True 1 0.600775
36 True 1 0.824304
24 True 1 0.745507
32 True 1 0.734142
3 False 1 0.310319
12 True 1 0.77901
2 False 1 0.220101
135 True 1 0.812268
34 True 1 0.814017
5 False 1 0.477998
2 False 1 0.457865
41 True 1 0.753898
61 True 1 0.780874
39 True 1 0.782885
154 True 1 0.814603
200 True 1 0.767839
25 True 1 0.601375
8 True 1 0.737531
103 True 1 0.781825
12 True 1 0.539711
2 False 1 0.222402
5 False 1 0.349607
8 False 1 0.451041
25 True 1 0.593719
2 False 1 0.270989
27 True 1 0.819696
71 True 1 0.770751
27 True 1 0.819509
200 True 1 0.756187
161 True 1 0.66669
87 True 1 0.786073
5 False 1 0.394869
5 True 1 0.647488
10 True 1 0.724391
26 True 1 0.764621
3 False 1 0.283641
11 True 1 0.746294
15 True 1 0.776912
200 True 1 0.795519
5 False 1 0.464953
13 True 1 0.796684
9 False 1 0.446402
28 True 1 0.63583
2 False 1 0.219468
48 True 1 0.783294
10 True 1 0.748908
2 False 1 0.221221
12 True 1 0.668161
45 True 1 0.819308
6 True 1 0.680184
200 True 1 0.673314
2 True 1 0.600775
74 True 1 0.791099
21 True 1 0.754817
75 True 1 0.589489
8 True 1 0.743305
44 True 1 0.652582
13 True 1 0.669662
189 True 1 0.74507
37 True 1 0.808572
2 False 1 0.449311
13 False 1 0.499472
11 True 1 0.762588
30 True 1 0.813578
8 True 1 0.672845
6 True 1 0.54082
12 True 1 0.743166
2 False 1 0.407001
5 False 1 0.385363
189 True 1 0.804676
2 False 1 0.445621
2 False 1 0.21934
2 False 1 0.21936
2 False 1 0.290595
6 True 1 0.704895
14 True 1 0.603281
6 True 1 0.68358
56 True 1 0.814241
7 True 1 0.624222
2 False 1 0.240451
10 True 1 0.727511
81 True 1 0.862253
7 True 1 0.686946
50 True 1 0.817739
51 True 1 0.805473
40 True 1 0.5902
14 True 1 0.643045
13 True 1 0.675438
60 True 1 0.841778
61 True 1 0.720522
4 True 1 0.60288
7 False 1 0.486846
11 True 1 0.741456
18 True 1 0.784824
12 True 1 0.726071
23 True 1 0.827431
31 True 1 0.759776
4 False 1 0.371017
40 True 1 0.753948
6 True 1 0.733343
200 True 1 0.776789
2 False 1 0.222294
14 True 1 0.748152
2 False 1 0.455544
5 False 1 0.402148
10 True 1 0.691973
70 True 1 0.763668
102 True 1 0.793363
30 True 1 0.629768
200 True 1 0.811885
45 True 1 0.533545
3 False 1 0.235117
12 True 1 0.73988
200 True 1 0.813701
2 False 1 0.438947
22 True 1 0.677514
7 True 1 0.684525
5 True 1 0.641878
16 True 1 0.812916
6 False 1 0.454791
200 True 1 0.783054
13 True 1 0.759369
5 True 1 0.639261
19 True 1 0.690288
38 True 1 0.735263
4 False 1 0.325732
3 True 1 0.500621
104 True 1 0.808281
3 False 1 0.283994
10 True 1 0.69754
2 False 1 0.221771
62 True 1 0.635205
11 True 1 0.729778
10 True 1 0.769821
80 True 1 0.825056
2 False 1 0.233483
20 True 1 0.50745
2 False 1 0.442128
20 True 1 0.806728
6 True 1 0.648012
4 False 1 0.406991
2 True 1 0.600775
2 False 1 0.274752
25 True 1 0.66117
10 True 1 0.763755
18 True 1 0.857149
69 True 1 0.782399
3 False 1 0.36587
3 False 1 0.314256
13 True 1 0.672157
5 True 1 0.63522
3 True 1 0.527453
3 False 1 0.285606
31 True 1 0.815992
124 True 1 0.812029
113 True 1 0.767261
2 False 1 0.22649
16 True 1 0.804954
6 False 1 0.382961
56 True 1 0.679107
4 False 1 0.343406
102 True 1 0.838038
2 False 1 0.22447
20 True 1 0.666814
200 True 1 0.82769
141 True 1 0.667642
3 False 1 0.283752
33 True 1 0.738577
2 False 1 0.219556
200 True 1 0.822695
99 True 1 0.821008
10 True 1 0.749546
3 True 1 0.531849
200 True 1 0.666917
7 True 1 0.630626
16 True 1 0.798901
5 True 1 0.603255
200 True 1 0.751878
2 False 1 0.245305
4 False 1 0.430875
2 False 1 0.227844
53 True 1 0.795934
37 True 1 0.823749
22 True 1 0.740376
2 False 1 0.219698
63 True 1 0.807781
12 True 1 0.655789
2 False 1 0.380849
3 True 1 0.541679
63 True 1 0.789479
29 True 1 0.814177
74 True 1 0.835773
3 True 1 0.52065
171 True 1 0.822525
66 True 1 0.755349
29 True 1 0.828325
5 False 1 0.363123
8 True 1 0.527407
9 True 1 0.542615
6 True 1 0.712658
3 False 1 0.372715
6 False 1 0.442008
35 True 1 0.736262
8 True 1 0.512402
12 True 1 0.764843
188 True 1 0.724866
200 True 1 0.826543
11 True 1 0.716337
9 True 1 0.70342
151 True 1 0.816839
49 True 1 0.836861
13 True 1 0.780038
107 True 1 0.741559
31 True 1 0.710257
86 True 1 0.760631
7 True 1 0.659072
93 True 1 0.797457
24 True 1 0.785064
30 True 1 0.849769
131 True 1 0.778237
9 False 1 0.454054
100 True 1 0.803754
19 True 1 0.812896
16 True 1 0.776128
155 True 1 0.657452
50 True 1 0.775939
11 True 1 0.524592
9 True 1 0.737679
8 True 1 0.567165
24 True 1 0.776886
17 True 1 0.776425
122 True 1 0.637535
23 True 1 0.732811
3 False 1 0.276463
200 True 1 0.777485
2 False 1 0.225314
2 False 1 0.219381
14 True 1 0.690403
25 True 1 0.742094
14 True 1 0.830856
44 True 1 0.693386
2 False 1 0.4425
200 True 1 0.772266
200 True 1 0.822766
106 True 1 0.747838
21 True 1 0.810459
2 False 1 0.304871
148 True 1 0.740172
15 True 1 0.719035
34 True 1 0.725841
8 True 1 0.60951
15 True 1 0.738755
91 True 1 0.668091
12 True 1 0.762569
200 True 1 0.680714
145 True 1 0.784191
56 True 1 0.809429
16 True 1 0.783638
46 True 1 0.821755
57 True 1 0.843229
39 True 1 0.699721
10 False 1 0.448306
46 True 1 0.811719
17 True 1 0.800914
118 True 1 0.71147
133 True 1 0.757198
3 True 1 0.548827
89 True 1 0.823258
20 True 1 0.778566
3 False 1 0.313796
7 True 1 0.723246
87 True 1 0.767659
3 True 1 0.537694
22 True 1 0.615493
11 True 1 0.758165
192 True 1 0.814869
12 True 1 0.747455
200 True 1 0.82208
127 True 1 0.791326
5 False 1 0.370279
7 False 1 0.451623
7 True 1 0.710129
22 True 1 0.695505
26 True 1 0.79107
2 True 1 0.600775
15 True 1 0.729644
14 True 1 0.516036
10 True 1 0.537661
2 True 0 0.235428
3 True 0 0.27937
4 True 0 0.31485
11 True 0 0.460339
18 False 0 0.808625
4 True 0 0.356308
4 True 0 0.347314
2 False 0 0.600775
6 False 0 0.667373
22 False 0 0.507214
4 True 0 0.360917
4 True 0 0.319691
4 True 0 0.330529
9 True 0 0.483051
3 True 0 0.27095
6 True 0 0.494065
3 True 0 0.368684
2 True 0 0.220143
13 True 0 0.4942
6 False 0 0.661173
5 False 0 0.61934
3 True 0 0.308372
3 True 0 0.30546
2 True 0 0.21936
12 False 0 0.73281
7 False 0 0.689075
5 True 0 0.354214
5 True 0 0.383168
3 True 0 0.280897
8 False 0 0.726796
2 True 0 0.241761
16 False 0 0.631715
2 True 0 0.240442
4 True 0 0.492293
5 False 0 0.68679
7 False 0 0.541209
3 True 0 0.321676
4 True 0 0.413285
3 True 0 0.287715
3 True 0 0.28473
2 True 0 0.21936
16 False 0 0.56276
5 True 0 0.358317
9 True 0 0.487417
5 True 0 0.365776
4 False 0 0.596126
3 False 0 0.549002
2 True 0 0.220123
6 True 0 0.402538
2 True 0 0.245808
15 False 0 0.745971
30 False 0 0.61709
2 True 0 0.254621
3 True 0 0.371392
2 True 0 0.326908
2 True 0 0.21997
3 True 0 0.286816
3 True 0 0.271972
5 True 0 0.354322
7 True 0 0.410726
6 True 0 0.39467
4 True 0 0.325202
2 True 0 0.219243
3 True 0 0.305367
3 True 0 0.284652
3 True 0 0.318201
6 True 0 0.37899
2 True 0 0.205878
7 True 0 0.404355
3 True 0 0.276282
15 False 0 0.79844
3 True 0 0.477789
13 False 0 0.71923
2 True 0 0.220356
5 False 0 0.627543
27 False 0 0.824147
3 False 0 0.617065
52 False 0 0.824489
2 True 0 0.275594
10 False 0 0.762333
3 True 0 0.275306
2 False 0 0.600775
21 False 0 0.649335
11 True 0 0.468616
2 True 0 0.219095
2 True 0 0.24529
2 True 0 0.221221
4 True 0 0.330333
2 True 0 0.219727
3 True 0 0.324699
3 True 0 0.274016
9 False 0 0.628011
8 True 0 0.443132
11 False 0 0.610121
3 True 0 0.278122
2 True 0 0.22004
6 True 0 0.408537
4 True 0 0.324061
2 True 0 0.44946
2 True 0 0.230439
7 False 0 0.63743
2 True 0 0.231213
2 True 0 0.227677
4 True 0 0.429635
11 False 0 0.566269
5 True 0 0.375694
8 True 0 0.452791
4 True 0 0.331494
3 True 0 0.301239
33 False 0 0.770284
6 True 0 0.440029
7 False 0 0.705959
6 True 0 0.401385
2 False 0 0.600775
39 False 0 0.846957
5 True 0 0.351657
3 True 0 0.280162
6 True 0 0.483127
2 True 0 0.249665
2 True 0 0.219622
15 False 0 0.617056
2 True 0 0.258464
5 True 0 0.380088
6 True 0 0.376515
20 False 0 0.670803
5 False 0 0.600175
4 True 0 0.318285
8 False 0 0.534039
7 True 0 0.457903
5 True 0 0.36318
15 False 0 0.82077
5 False 0 0.619993
11 False 0 0.535192
4 False 0 0.615907
14 False 0 0.516446
2 True 0 0.306159
6 False 0 0.683827
3 True 0 0.290821
8 True 0 0.443031
2 True 0 0.223266
4 False 0 0.598401
2 False 0 0.600775
2 True 0 0.220142
2 False 0 0.600775
5 False 0 0.637271
10 True 0 0.485131
2 True 0 0.438785
2 True 0 0.219393
2 True 0 0.22169
5 True 0 0.359935
3 True 0 0.278069
10 False 0 0.778198
2 True 0 0.305971
2 True 0 0.218998
10 True 0 0.478545
2 True 0 0.439228
9 False 0 0.515249
2 False 0 0.600775
6 False 0 0.675742
2 True 0 0.213243
2 False 0 0.600775
5 True 0 0.393005
6 False 0 0.676636
4 False 0 0.591372
13 True 0 0.49468
21 False 0 0.543977
2 True 0 0.315466
2 True 0 0.222454
2 True 0 0.228017
2 True 0 0.252914
2 True 0 0.219848
2 True 0 0.219365
3 True 0 0.287464
3 True 0 0.370788
3 True 0 0.325155
6 True 0 0.456482
7 False 0 0.707592
8 False 0 0.728663
6 True 0 0.465028
7 True 0 0.408031
2 True 0 0.242881
2 True 0 0.222454
2 True 0 0.224616
2 True 0 0.219846
3 True 0 0.291648
2 True 0 0.442811
8 False 0 0.729585
6 True 0 0.406427
3 True 0 0.295311
3 True 0 0.303511
4 True 0 0.340888
5 True 0 0.426837
2 True 0 0.383978
11 False 0 0.55268
13 False 0 0.687502
3 False 0 0.510217
2 True 0 0.220636
22 False 0 0.51449
3 True 0 0.284866
3 True 0 0.290025
4 False 0 0.58068
5 True 0 0.355463
6 False 0 0.638597
11 False 0 0.838707
2 True 0 0.219393
2 True 0 0.228897
4 False 0 0.574352
2 True 0 0.224371
22 False 0 0.50182
4 True 0 0.409343
2 True 0 0.244322
2 True 0 0.23108
7 True 0 0.468732
5 True 0 0.485233
2 True 0 0.219379
2 True 0 0.19752
6 True 0 0.477123
9 False 0 0.690575
5 True 0 0.350262
2 True 0 0.241893
5 True 0 0.374339
12 False 0 0.690431
11 False 0 0.694087
56 False 0 0.797783
2 True 0 0.2265
31 False 0 0.690829
12 False 0 0.616221
12 False 0 0.782302
2 True 0 0.229717
3 False 0 0.53518
2 True 0 0.239491
4 False 0 0.597563
2 True 0 0.36515
19 False 0 0.529244
7 True 0 0.448315
9 False 0 0.704991
15 False 0 0.546349
6 True 0 0.400114
9 False 0 0.59955
34 False 0 0.832178
3 True 0 0.360662
2 True 0 0.245095
2 True 0 0.22493
3 True 0 0.276068
4 False 0 0.615907
6 True 0 0.462327
6 False 0 0.621788
5 True 0 0.380134
4 False 0 0.539803
25 False 0 0.807228
8 True 0 0.478461
2 True 0 0.221733
4 True 0 0.38449
5 True 0 0.441609
2 True 0 0.221221
18 False 0 0.727068
2 True 0 0.444474
23 False 0 0.559093
10 False 0 0.583665
6 True 0 0.40841
2 True 0 0.219486
4 True 0 0.425927
6 False 0 0.538537
5 True 0 0.367261
6 True 0 0.407199
5 True 0 0.353917
2 True 0 0.225314
28 True 1 0.775013
5 False 1 0.347949
162 True 1 0.714779
13 True 1 0.606756
45 True 1 0.538595
42 True 1 0.620014
7 True 1 0.590656
45 True 1 0.75382
66 True 1 0.769286
64 True 1 0.659053
41 True 1 0.761215
21 True 1 0.759959
2 False 1 0.258929
4 False 1 0.408607
21 True 1 0.770214
131 True 1 0.768405
24 True 1 0.560709
2 False 1 0.266804
8 False 1 0.474092
200 True 1 0.790671
4 True 1 0.562614
82 True 1 0.760766
2 False 1 0.213685
29 True 1 0.707338
23 True 1 0.638098
79 True 1 0.756577
2 False 1 0.416018
128 True 1 0.786808
24 True 1 0.6692
15 True 1 0.700618
36 True 1 0.744035
2 False 1 0.206395
2 False 1 0.21507
58 True 1 0.792754
11 True 1 0.656538
13 True 1 0.563646
34 True 1 0.715051
119 True 1 0.733241
141 True 1 0.733675
3 False 1 0.261532
72 True 1 0.7844
29 True 1 0.686216
25 True 1 0.574406
70 True 1 0.718441
9 True 1 0.696741
200 True 1 0.652101
14 True 1 0.755168
30 True 1 0.687262
8 False 1 0.429338
10 True 1 0.603492
68 True 1 0.695142
25 True 1 0.730868
141 True 1 0.645298
2 False 1 0.207409
13 True 1 0.749586
51 True 1 0.614226
200 True 1 0.71986
82 True 1 0.78587
2 False 1 0.20722
18 True 1 0.634185
2 False 1 0.210138
2 False 1 0.207698
29 True 1 0.767476
14 True 1 0.641264
200 True 1 0.780378
4 True 1 0.559775
70 True 1 0.600456
13 False 1 0.488692
8 True 1 0.684994
81 True 1 0.762641
2 False 1 0.210444
49 True 1 0.781908
41 True 1 0.778962
44 True 1 0.781635
135 True 1 0.751231
92 True 1 0.786672
8 True 1 0.696664
14 True 1 0.672391
9 True 1 0.599856
2 False 1 0.307937
7 True 1 0.533374
67 True 1 0.662911
35 True 1 0.765664
14 True 1 0.620295
130 True 1 0.770258
130 True 1 0.778545
3 False 1 0.26304
64 True 1 0.773553
200 True 1 0.72945
62 True 1 0.78228
30 True 1 0.769868
6 True 1 0.640132
17 True 1 0.76973
34 True 1 0.714375
14 True 1 0.516333
200 True 1 0.778385
2 False 1 0.229805
8 True 1 0.562782
25 True 1 0.758157
3 False 1 0.277125
12 True 1 0.69884
16 True 1 0.699297
27 True 1 0.666558
3 False 1 0.261569
2 False 1 0.407451
2 True 1 0.638379
57 True 1 0.753495
200 True 1 0.781646
6 True 1 0.637687
23 True 1 0.702136
18 True 1 0.78747
23 True 1 0.762412
5 False 1 0.3776
200 True 1 0.781195
3 True 1 0.501539
19 True 1 0.763076
70 True 1 0.781314
13 True 1 0.752706
193 True 1 0.776278
189 True 1 0.736219
69 True 1 0.770075
34 True 1 0.773524
6 True 1 0.524252
200 True 1 0.791949
4 False 1 0.302542
11 True 1 0.69246
7 False 1 0.439068
74 True 1 0.760294
9 False 1 0.43029
5 True 1 0.587534
47 True 1 0.661631
18 True 1 0.668645
3 False 1 0.255661
35 True 1 0.67229
4 False 1 0.435619
2 False 1 0.20827
14 True 1 0.639531
57 True 1 0.619148
135 True 1 0.744744
31 True 1 0.749529
38 True 1 0.725057
7 True 1 0.649625
15 True 1 0.611576
9 True 1 0.713244
200 True 1 0.636654
34 True 1 0.727491
200 True 1 0.784777
14 True 1 0.502437
2 False 1 0.41383
45 True 1 0.77269
34 True 1 0.772936
2 False 1 0.210126
5 False 1 0.39759
15 True 1 0.757598
200 True 1 0.759248
127 True 1 0.773267
133 True 1 0.719925
3 False 1 0.490701
4 False 1 0.406329
26 True 1 0.695041
10 True 1 0.61696
14 True 1 0.751147
37 True 1 0.763631
16 True 1 0.747977
8 True 1 0.687665
161 True 1 0.642658
18 True 1 0.75424
200 True 1 0.652829
103 True 1 0.779103
18 True 1 0.765297
2 False 1 0.207284
8 True 1 0.521231
35 True 1 0.632592
15 True 1 0.756059
8 False 1 0.494804
10 True 1 0.701061
32 True 1 0.561774
23 True 1 0.741145
19 True 1 0.767932
3 False 1 0.341088
17 True 1 0.635227
12 True 1 0.561039
33 True 1 0.75699
2 False 1 0.256323
151 True 1 0.684489
16 True 1 0.756594
170 True 1 0.759961
10 True 1 0.529931
3 True 1 0.502533
58 True 1 0.76676
17 True 1 0.764245
30 True 1 0.77672
27 True 1 0.772553
148 True 1 0.73433
5 False 1 0.333166
38 True 1 0.775759
11 True 1 0.727248
200 True 1 0.776343
4 False 1 0.36996
59 True 1 0.778227
2 False 1 0.206404
10 True 1 0.714533
79 True 1 0.688925
20 True 1 0.712909
200 True 1 0.745836
9 True 1 0.702066
10 True 1 0.50615
6 False 1 0.374753
3 True 1 0.657664
22 True 1 0.655558
62 True 1 0.782044
42 True 1 0.785324
200 True 1 0.776454
64 True 1 0.59953
8 True 1 0.539581
3 False 1 0.34981
144 True 1 0.780544
3 False 1 0.252797
10 True 1 0.532555
12 True 1 0.640334
118 True 1 0.700041
200 True 1 0.782541
7 True 1 0.648961
20 True 1 0.759038
200 True 1 0.788014
34 True 1 0.694069
8 True 1 0.666543
31 True 1 0.767209
25 True 1 0.738351
45 True 1 0.770448
200 True 1 0.788318
4 True 1 0.556989
5 False 1 0.387951
61 True 1 0.77667
7 True 1 0.67035
2 False 1 0.207945
52 True 1 0.785107
2 False 1 0.28291
62 True 1 0.614997
17 True 1 0.763872
10 True 1 0.609379
19 True 1 0.6705
49 True 1 0.785549
92 True 1 0.685921
24 True 1 0.641441
200 True 1 0.745651
44 True 1 0.769243
117 True 1 0.788209
14 True 1 0.754269
152 True 1 0.779414
17 True 1 0.593572
8 True 1 0.667212
9 True 1 0.713787
6 True 1 0.602036
138 True 1 0.75278
3 False 1 0.260581
22 True 1 0.545884
30 True 1 0.75996
50 True 1 0.734639
19 True 1 0.762486
6 False 1 0.393224
46 True 1 0.772889
7 False 1 0.406449
82 True 1 0.76005
4 False 1 0.348665
63 True 1 0.774451
6 False 1 0.416227
2 False 1 0.208646
10 False 1 0.498482
3 False 1 0.343679
2 False 1 0.287742
36 True 1 0.74841
10 True 1 0.51587
54 True 1 0.780138
16 True 1 0.756774
116 True 1 0.771579
69 True 1 0.623012
15 True 1 0.68927
2 True 1 0.638379
102 True 1 0.718907
12 True 1 0.732126
61 True 1 0.764118
40 True 1 0.769524
48 True 1 0.522784
90 True 1 0.772482
181 True 1 0.746989
16 True 1 0.699653
4 False 1 0.349393
11 True 1 0.712133
36 True 1 0.77649
50 True 1 0.767152
7 True 1 0.639731
10 False 1 0.491624
6 True 1 0.610113
200 True 1 0.672597
9 True 1 0.628925
9 True 1 0.502523
14 True 1 0.726155
2 False 1 0.413904
55 True 1 0.743588
6 True 1 0.640797
14 True 1 0.616716
75 True 1 0.786334
7 True 1 0.672908
3 False 1 0.300237
64 True 1 0.698939
2 False 1 0.210077
6 True 1 0.503111
200 True 1 0.778448
124 True 1 0.758088
11 True 1 0.689322
4 True 1 0.560367
50 True 1 0.772382
48 True 1 0.775287
14 True 1 0.554237
36 True 1 0.766579
145 True 1 0.692482
3 False 1 0.285968
2 True 1 0.638379
78 True 1 0.766794
31 True 1 0.65564
24 True 1 0.778752
20 True 1 0.64058
36 True 1 0.767039
8 True 1 0.564937
8 True 1 0.694085
3 False 1 0.261794
162 True 1 0.751547
12 True 1 0.712872
99 True 1 0.627245
4 False 1 0.355054
2 False 1 0.210072
106 True 1 0.786307
200 True 1 0.74715
10 True 1 0.652469
2 False 1 0.237148
5 True 1 0.527
9 False 1 0.427625
12 True 1 0.528259
200 True 1 0.770389
35 True 1 0.76891
40 True 1 0.776182
30 True 1 0.706676
18 True 1 0.754266
8 True 1 0.696417
6 False 1 0.424616
10 False 1 0.44254
10 True 1 0.603715
58 True 1 0.75449
73 True 1 0.76665
7 True 1 0.665511
110 True 1 0.781491
42 True 1 0.762116
27 True 1 0.585974
2 False 1 0.285757
200 True 1 0.785487
11 True 1 0.513259
6 False 1 0.366474
9 True 1 0.676061
2 False 1 0.413599
138 True 1 0.644423
8 False 1 0.43878
91 True 1 0.626658
143 True 1 0.752774
31 True 1 0.780273
19 True 1 0.610329
7 True 1 0.659035
37 True 1 0.74332
2 False 1 0.20765
13 True 1 0.643332
35 True 1 0.772622
12 True 1 0.656705
19 True 1 0.702963
10 True 1 0.694178
2 False 1 0.424268
3 False 1 0.276264
85 True 1 0.772358
6 True 1 0.626571
135 True 1 0.789557
3 True 1 0.657664
6 False 1 0.369383
54 True 1 0.786817
12 True 1 0.701984
28 True 1 0.741327
16 True 1 0.651111
3 False 1 0.258825
4 False 1 0.424666
2 False 1 0.216126
42 True 1 0.766153
36 True 1 0.781749
2 False 1 0.210922
100 True 1 0.78196
66 True 1 0.746758
200 True 1 0.726
38 True 1 0.614465
89 True 1 0.786259
16 True 1 0.762449
22 True 1 0.559928
28 True 1 0.612561
11 True 1 0.71457
15 True 1 0.749424
3 False 1 0.329267
5 False 1 0.35403
40 True 1 0.754948
11 True 1 0.717058
3 False 1 0.257021
16 True 1 0.755743
7 True 1 0.656433
51 True 1 0.772729
7 False 1 0.403911
116 True 1 0.779424
18 True 1 0.683907
106 True 1 0.738929
138 True 1 0.778556
19 True 1 0.739948
2 False 1 0.23106
44 True 1 0.696592
15 True 1 0.675229
76 True 1 0.745282
115 True 1 0.762476
5 True 1 0.595056
87 True 1 0.758857
200 True 1 0.786353
63 True 1 0.779082
2 False 1 0.2093
19 True 1 0.768428
200 True 1 0.767846
40 True 1 0.674373
11 True 1 0.691263
6 False 1 0.429044
29 True 1 0.753121
8 True 1 0.686542
2 True 1 0.638379
23 True 1 0.77585
32 True 1 0.781315
4 True 1 0.560321
4 False 1 0.314592
13 True 1 0.610628
2 False 1 0.210833
43 True 1 0.719856
15 True 1 0.502133
118 True 1 0.785036
5 False 1 0.458806
130 True 1 0.763217
6 False 1 0.493993
83 True 1 0.784608
75 True 1 0.584015
27 True 1 0.762155
14 False 1 0.470083
200 True 1 0.650957
61 True 1 0.706425
11 True 1 0.619534
5 True 1 0.599608
25 True 1 0.737766
3 False 1 0.267031
75 True 1 0.751886
15 True 1 0.725502
2 False 1 0.233328
42 True 1 0.73173
3 False 1 0.275067
20 True 1 0.699301
200 True 1 0.742746
25 True 1 0.77301
200 True 1 0.657986
7 True 1 0.673694
21 True 1 0.742383
9 True 1 0.595812
19 True 1 0.766647
2 True 0 0.208854
5 False 0 0.556728
14 True 0 0.484762
9 True 0 0.438644
2 False 0 0.638379
3 True 0 0.263983
13 True 0 0.475926
16 False 0 0.761705
7 False 0 0.519236
19 False 0 0.509504
2 True 0 0.212284
6 False 0 0.639394
2 True 0 0.223289
2 True 0 0.414158
4 False 0 0.549238
3 False 0 0.501558
6 True 0 0.37656
6 True 0 0.443894
4 True 0 0.302639
2 True 0 0.36164
6 True 0 0.373817
3 True 0 0.349084
3 True 0 0.267009
4 True 0 0.301347
10 True 0 0.463919
7 True 0 0.436079
4 False 0 0.551765
2 True 0 0.285276
4 True 0 0.304834
4 True 0 0.307586
3 True 0 0.260973
3 True 0 0.305272
2 True 0 0.206365
3 True 0 0.268153
5 True 0 0.386672
2 True 0 0.235235
5 True 0 0.335402
6 False 0 0.641545
3 True 0 0.368307
5 True 0 0.336371
15 True 0 0.481403
3 True 0 0.261847
4 True 0 0.312828
3 True 0 0.263
11 False 0 0.750156
6 True 0 0.382978
3 True 0 0.309375
6 True 0 0.44164
2 True 0 0.206601
2 True 0 0.269062
2 True 0 0.4113
7 False 0 0.667761
4 True 0 0.464856
4 False 0 0.560252
4 True 0 0.327657
3 True 0 0.335879
7 True 0 0.413047
2 True 0 0.240182
3 True 0 0.338404
5 True 0 0.375014
2 True 0 0.409829
2 True 0 0.21507
21 False 0 0.762976
4 True 0 0.307621
3 True 0 0.287877
2 True 0 0.206418
11 False 0 0.732406
8 True 0 0.44938
3 True 0 0.463528
5 True 0 0.334808
2 True 0 0.215373
10 False 0 0.703664
5 False 0 0.595664
10 False 0 0.52603
2 True 0 0.207271
3 True 0 0.267238
6 True 0 0.36205
3 True 0 0.259752
15 False 0 0.751007
3 True 0 0.267073
7 True 0 0.398422
11 False 0 0.53185
6 True 0 0.389898
4 True 0 0.317327
35 False 0 0.638365
8 False 0 0.692422
15 False 0 0.732924
12 True 0 0.48124
3 True 0 0.307465
40 False 0 0.55741
2 True 0 0.211186
10 False 0 0.685336
2 True 0 0.207722
2 True 0 0.249695
7 True 0 0.469875
2 False 0 0.638379
9 False 0 0.674426
5 False 0 0.605465
19 False 0 0.51039
2 True 0 0.260982
6 True 0 0.42795
5 True 0 0.436915
4 True 0 0.33457
18 False 0 0.582683
2 False 0 0.638379
2 True 0 0.207822
4 False 0 0.554886
17 False 0 0.737907
2 True 0 0.207729
10 False 0 0.504923
3 True 0 0.480728
3 True 0 0.261102
17 False 0 0.687427
10 False 0 0.559967
7 False 0 0.605742
2 False 0 0.638379
7 True 0 0.41076
10 False 0 0.724782
2 True 0 0.362117
4 True 0 0.36405
2 True 0 0.207575
4 True 0 0.342344
89 False 0 0.771531
2 True 0 0.206628
6 True 0 0.413079
14 False 0 0.547195
2 True 0 0.218858
3 False 0 0.657664
8 False 0 0.694082
2 False 0 0.638379
2 True 0 0.239219
9 False 0 0.709079
30 False 0 0.597893
3 False 0 0.502681
13 False 0 0.671378
6 True 0 0.373123
3 True 0 0.258345
4 True 0 0.302343
2 True 0 0.207423
11 True 0 0.457822
3 True 0 0.279617
7 False 0 0.67087
2 True 0 0.210072
4 True 0 0.296452
6 False 0 0.637951
2 True 0 0.207575
28 False 0 0.54175
2 True 0 0.423515
2 True 0 0.207284
3 False 0 0.504196
8 False 0 0.510334
17 False 0 0.597533
3 True 0 0.269658
6 False 0 0.643086
2 True 0 0.211098
6 True 0 0.388433
5 False 0 0.573925
5 True 0 0.455088
6 True 0 0.388663
2 True 0 0.217097
4 False 0 0.560105
3 True 0 0.257487
20 False 0 0.6456
4 True 0 0.300699
4 True 0 0.391674
5 True 0 0.333014
9 False 0 0.710021
2 True 0 0.415976
24 False 0 0.7673
4 True 0 0.403494
5 True 0 0.337123
3 True 0 0.264836
5 True 0 0.391111
3 True 0 0.257063
5 True 0 0.452378
2 True 0 0.210546
4 True 0 0.302532
3 True 0 0.321275
3 True 0 0.450742
2 False 0 0.638379
2 True 0 0.207409
2 True 0 0.209448
7 False 0 0.67101
4 True 0 0.359593
3 True 0 0.275004
2 True 0 0.227095
4 True 0 0.303739
5 True 0 0.354676
3 True 0 0.253514
3 True 0 0.347204
6 True 0 0.385623
2 True 0 0.210444
7 False 0 0.551886
6 False 0 0.517703
2 True 0 0.226272
3 True 0 0.271337
62 False 0 0.745544
4 True 0 0.345908
9 True 0 0.456405
2 True 0 0.207463
4 True 0 0.487656
15 False 0 0.576569
19 False 0 0.759311
9 False 0 0.70225
9 False 0 0.63447
7 True 0 0.425346
2 True 0 0.254759
4 False 0 0.532549
2 True 0 0.211
4 True 0 0.332045
5 True 0 0.381138
15 False 0 0.50348
2 True 0 0.21074
4 True 0 0.304367
4 False 0 0.509735
3 True 0 0.25636
7 False 0 0.626986
4 True 0 0.306535
18 False 0 0.515373
2 True 0 0.209977
5 True 0 0.391976
3 True 0 0.267021
6 True 0 0.361265
7 True 0 0.390629
52 False 0 0.780671
2 True 0 0.211993
5 True 0 0.40369
2 False 0 0.638379
2 True 0 0.20665
4 True 0 0.303628
3 True 0 0.31668
2 True 0 0.207702
5 True 0 0.364049
3 True 0 0.271168
2 False 0 0.638379
12 False 0 0.593273
3 False 0 0.504371
15 False 0 0.596174
22 False 0 0.500022
5 True 0 0.348275
3 True 0 0.281029
2 True 0 0.307289
5 True 0 0.377078
4 True 0 0.295635
4 True 0 0.305959
2 True 0 0.207083
5 True 0 0.417636
4 True 0 0.32213
2 True 0 0.214506
4 True 0 0.306839
5 True 0 0.364092
2 True 0 0.252928
2 True 0 0.207284
2 True 0 0.211165
7 True 0 0.480787
25 False 0 0.617624
2 True 0 0.210549
2 True 0 0.419362
7 True 0 0.421613
2 True 0 0.207812
8 True 0 0.498147
3 True 0 0.271751
2 True 0 0.206946
3 True 0 0.281813
2 True 0 0.210019
8 True 0 0.472387
2 True 0 0.232141
20 True 1 0.703143
137 True 1 0.760186
3 False 1 0.420465
6 False 1 0.424429
5 False 1 0.393151
9 False 1 0.463596
12 True 1 0.751008
8 True 1 0.66753
3 False 1 0.285703
8 True 1 0.718488
62 True 1 0.766496
2 False 1 0.210019
2 False 1 0.428624
200 True 1 0.777833
113 True 1 0.74272
15 True 1 0.646771
9 False 1 0.447597
18 True 1 0.751636
43 True 1 0.74449
8 True 1 0.718307
200 True 1 0.745969
3 True 1 0.666533
13 True 1 0.761829
36 True 1 0.647672
21 True 1 0.765141
26 True 1 0.756702
82 True 1 0.621893
200 True 1 0.7775
13 True 1 0.659185
4 True 1 0.533396
108 True 1 0.778107
200 True 1 0.766373
13 True 1 0.582319
2 False 1 0.213873
16 True 1 0.763991
4 False 1 0.464221
118 True 1 0.771589
11 True 1 0.522784
19 True 1 0.769214
6 False 1 0.433085
76 True 1 0.73226
44 True 1 0.776986
4 True 1 0.580735
170 True 1 0.744854
188 True 1 0.712691
200 True 1 0.774287
200 True 1 0.723852
3 False 1 0.497621
6 True 1 0.670481
4 False 1 0.343701
66 True 1 0.767185
74 True 1 0.768024
8 True 1 0.685393
5 False 1 0.407607
4 False 1 0.407817
200 True 1 0.732297
5 True 1 0.619746
23 True 1 0.737
20 True 1 0.740249
12 True 1 0.73061
41 True 1 0.738998
116 True 1 0.753971
8 False 1 0.462433
2 False 1 0.213476
2 False 1 0.213432
18 True 1 0.765806
40 True 1 0.607799
36 True 1 0.773963
16 True 1 0.761136
51 True 1 0.627747
5 True 1 0.636253
6 True 1 0.517991
63 True 1 0.759781
200 True 1 0.77165
13 True 1 0.611409
2 False 1 0.208017
121 True 1 0.762957
200 True 1 0.781441
6 True 1 0.681226
4 True 1 0.580589
2 False 1 0.212435
22 True 1 0.710233
151 True 1 0.686405
7 True 1 0.674159
17 True 1 0.592116
200 True 1 0.756473
200 True 1 0.770886
79 True 1 0.772665
92 True 1 0.778354
6 True 1 0.667859
7 True 1 0.685106
5 True 1 0.634851
5 True 1 0.6284
129 True 1 0.773948
28 True 1 0.621092
6 False 1 0.479731
3 True 1 0.517403
2 False 1 0.208357
134 True 1 0.717947
200 True 1 0.775764
3 False 1 0.279843
8 True 1 0.692589
3 False 1 0.26778
33 True 1 0.760292
3 False 1 0.297954
27 True 1 0.77457
2 False 1 0.325331
31 True 1 0.741087
25 True 1 0.5821
200 True 1 0.692203
90 True 1 0.769239
2 False 1 0.207828
200 True 1 0.779227
2 False 1 0.215986
4 False 1 0.428414
200 True 1 0.760751
44 True 1 0.763946
62 True 1 0.77215
49 True 1 0.770236
24 True 1 0.749935
85 True 1 0.802989
13 True 1 0.713194
16 True 1 0.684879
5 True 1 0.619708
11 True 1 0.711771
60 True 1 0.773353
24 True 1 0.758874
2 False 1 0.419318
48 True 1 0.745673
6 False 1 0.483922
18 True 1 0.762069
6 True 1 0.505587
8 False 1 0.499554
84 True 1 0.76748
6 False 1 0.383436
200 True 1 0.776049
12 True 1 0.709723
23 True 1 0.770138
6 False 1 0.436725
2 False 1 0.412163
26 True 1 0.761988
200 True 1 0.778792
113 True 1 0.747789
12 True 1 0.638509
141 True 1 0.728693
55 True 1 0.771903
16 True 1 0.760971
44 True 1 0.700844
9 True 1 0.692402
12 True 1 0.751257
130 True 1 0.745925
6 True 1 0.533675
2 False 1 0.335934
7 True 1 0.690846
25 True 1 0.641845
29 True 1 0.680122
200 True 1 0.722981
38 True 1 0.721654
8 True 1 0.70494
9 False 1 0.437369
7 False 1 0.425786
40 True 1 0.741236
6 False 1 0.374508
2 False 1 0.213806
22 True 1 0.703422
151 True 1 0.720824
153 True 1 0.76176
104 True 1 0.701028
10 True 1 0.677267
44 True 1 0.785304
3 False 1 0.39644
65 True 1 0.766987
168 True 1 0.776413
3 True 1 0.503494
45 True 1 0.751101
64 True 1 0.665122
9 False 1 0.4648
11 True 1 0.645359
104 True 1 0.774639
2 False 1 0.424295
132 True 1 0.711611
63 True 1 0.614183
61 True 1 0.767134
27 True 1 0.61246
145 True 1 0.756633
200 True 1 0.746627
130 True 1 0.753613
5 True 1 0.562918
13 True 1 0.538389
12 True 1 0.534414
2 False 1 0.21107
2 True 1 0.64362
27 True 1 0.777859
200 True 1 0.757103
76 True 1 0.769077
16 True 1 0.752523
20 True 1 0.585001
66 True 1 0.7373
11 True 1 0.730545
15 True 1 0.721045
3 False 1 0.264738
6 False 1 0.489113
11 False 1 0.480058
32 True 1 0.722702
10 True 1 0.507744
145 True 1 0.69245
63 True 1 0.775154
66 True 1 0.726613
20 True 1 0.624926
60 True 1 0.769265
2 False 1 0.400711
13 True 1 0.621404
41 True 1 0.765959
2 False 1 0.301751
12 True 1 0.731454
30 True 1 0.619993
12 True 1 0.506877
12 True 1 0.706048
22 True 1 0.632185
15 True 1 0.616293
2 False 1 0.423177
90 True 1 0.744261
14 True 1 0.709167
200 True 1 0.773458
5 False 1 0.361103
8 True 1 0.667248
34 True 1 0.696415
54 True 1 0.777912
200 True 1 0.766577
4 True 1 0.564076
85 True 1 0.7714
45 True 1 0.781713
2 False 1 0.41648
5 True 1 0.589355
118 True 1 0.700396
6 True 1 0.677768
13 True 1 0.663869
11 True 1 0.534809
2 False 1 0.229044
9 True 1 0.527484
6 True 1 0.649323
2 False 1 0.282434
7 True 1 0.500219
154 True 1 0.774749
2 False 1 0.396582
3 False 1 0.274283
47 True 1 0.663598
4 True 1 0.561671
4 False 1 0.31441
200 True 1 0.775076
22 True 1 0.556165
8 True 1 0.7058
7 True 1 0.712555
6 False 1 0.439122
97 True 1 0.626678
102 True 1 0.760665
14 True 1 0.768238
11 True 1 0.511524
200 True 1 0.716889
2 False 1 0.208316
200 True 1 0.774919
44 True 1 0.649606
200 True 1 0.776891
2 False 1 0.213548
20 True 1 0.694077
200 True 1 0.741394
7 True 1 0.636081
22 True 1 0.724031
2 False 1 0.221169
200 True 1 0.759787
14 True 1 0.669982
40 True 1 0.679287
5 False 1 0.38131
11 True 1 0.669886
15 True 1 0.654682
8 False 1 0.430745
3 False 1 0.266175
13 True 1 0.513106
54 True 1 0.807511
35 True 1 0.643835
2 False 1 0.419598
5 True 1 0.592654
8 True 1 0.701242
42 True 1 0.765208
2 True 1 0.64362
138 True 1 0.651566
19 True 1 0.73055
45 True 1 0.708936
180 True 1 0.738828
2 False 1 0.267377
8 True 1 0.547387
18 True 1 0.768975
4 False 1 0.355482
3 False 1 0.497554
40 True 1 0.768727
2 False 1 0.415892
33 True 1 0.761195
117 True 1 0.766587
3 False 1 0.280007
32 True 1 0.671275
76 True 1 0.650191
99 True 1 0.641839
102 True 1 0.712535
13 True 1 0.587282
100 True 1 0.770685
200 True 1 0.775843
91 True 1 0.636526
200 True 1 0.759599
6 True 1 0.660008
24 True 1 0.77696
111 True 1 0.713773
87 True 1 0.756275
4 True 1 0.58822
200 True 1 0.755331
17 True 1 0.735515
6 True 1 0.545016
3 True 1 0.520354
19 True 1 0.705628
9 True 1 0.734796
200 True 1 0.776589
200 True 1 0.646985
23 True 1 0.763684
19 True 1 0.762172
10 True 1 0.733098
53 True 1 0.644111
8 True 1 0.716331
200 True 1 0.753666
10 True 1 0.572371
2 False 1 0.299557
15 True 1 0.702021
44 True 1 0.765076
45 True 1 0.755437
15 True 1 0.704943
3 False 1 0.274914
8 True 1 0.546172
2 False 1 0.214829
200 True 1 0.748654
136 True 1 0.678754
79 True 1 0.722573
11 True 1 0.571615
50 True 1 0.750354
2 False 1 0.209175
3 False 1 0.328133
5 False 1 0.374181
11 True 1 0.739744
2 True 1 0.64362
60 True 1 0.737522
13 True 1 0.687551
9 True 1 0.637896
6 True 1 0.660938
3 False 1 0.27941
79 True 1 0.68996
200 True 1 0.639974
28 True 1 0.731087
49 True 1 0.770517
16 True 1 0.655595
4 False 1 0.314208
8 True 1 0.659997
2 True 1 0.64362
82 True 1 0.647004
2 False 1 0.378416
200 True 1 0.748094
2 False 1 0.21257
2 False 1 0.208142
19 True 1 0.573821
3 False 1 0.290703
4 False 1 0.320573
2 False 1 0.210732
2 False 1 0.412437
128 True 1 0.7317
41 True 1 0.617213
2 False 1 0.341519
62 True 1 0.628045
7 True 1 0.661761
23 True 1 0.74837
9 True 1 0.725616
18 True 1 0.804875
13 True 1 0.740409
107 True 1 0.724703
22 True 1 0.773327
4 True 1 0.576787
41 True 1 0.737056
2 False 1 0.208141
151 True 1 0.766883
28 True 1 0.755393
14 True 1 0.53204
33 True 1 0.76698
3 False 1 0.459202
42 True 1 0.774866
45 True 1 0.76612
115 True 1 0.747546
37 True 1 0.750701
17 True 1 0.647779
16 True 1 0.739631
33 True 1 0.758879
4 False 1 0.334985
21 True 1 0.766615
75 True 1 0.779831
30 True 1 0.74579
4 False 1 0.380039
59 True 1 0.609649
7 True 1 0.698776
18 True 1 0.782493
15 True 1 0.761684
61 True 1 0.709392
3 True 1 0.510975
200 True 1 0.766614
81 True 1 0.757573
12 True 1 0.500624
69 True 1 0.630294
144 True 1 0.770871
14 True 1 0.76116
4 False 1 0.361413
6 False 1 0.435829
8 False 1 0.492698
2 False 1 0.424167
64 True 1 0.75661
2 False 1 0.245633
19 True 1 0.729408
148 True 1 0.754134
6 False 1 0.399494
17 True 1 0.53823
3 False 1 0.287894
66 True 1 0.692608
68 True 1 0.616039
47 True 1 0.768958
200 True 1 0.726273
3 False 1 0.359148
2 False 1 0.230942
6 False 1 0.4851
12 True 1 0.731586
5 False 1 0.356062
38 True 1 0.776212
2 False 1 0.236513
19 True 1 0.756835
10 True 1 0.7425
31 True 1 0.663355
6 False 1 0.439457
27 True 1 0.753473
29 True 1 0.771802
3 False 1 0.261298
200 True 1 0.762579
19 True 1 0.771599
46 True 1 0.723561
3 False 1 0.270725
2 False 1 0.420021
57 True 1 0.62778
11 True 1 0.74388
95 True 1 0.724964
2 False 1 0.213263
22 True 1 0.765456
25 True 1 0.725594
2 False 1 0.209878
104 True 1 0.776819
62 True 1 0.773713
116 True 1 0.763955
127 True 1 0.709407
7 True 1 0.677595
130 True 1 0.623538
200 True 1 0.721802
2 False 1 0.211303
12 True 1 0.65948
25 True 1 0.78378
31 True 1 0.774281
12 True 1 0.671544
163 True 1 0.736259
31 True 1 0.740025
61 True 1 0.730281
3 True 0 0.27175
3 False 0 0.666533
2 True 0 0.213234
3 True 0 0.266206
4 False 0 0.58054
3 False 0 0.501499
10 True 0 0.464417
10 False 0 0.741098
12 False 0 0.610657
6 False 0 0.651144
4 True 0 0.342065
13 False 0 0.668212
3 True 0 0.260574
3 True 0 0.268921
2 True 0 0.287493
3 True 0 0.323114
3 True 0 0.319242
2 True 0 0.41857
6 True 0 0.37738
2 True 0 0.224707
10 False 0 0.502339
15 False 0 0.757342
6 True 0 0.394421
4 True 0 0.310494
11 True 0 0.480834
6 False 0 0.663735
3 True 0 0.313681
2 True 0 0.226785
3 True 0 0.283726
22 False 0 0.518168
8 True 0 0.429469
6 False 0 0.592846
4 True 0 0.310979
4 True 0 0.361515
2 True 0 0.412362
5 True 0 0.361968
5 True 0 0.355515
14 False 0 0.575717
2 True 0 0.412594
2 True 0 0.412683
8 True 0 0.424083
2 True 0 0.210036
17 False 0 0.607633
3 False 0 0.666533
4 True 0 0.337465
6 True 0 0.377469
15 False 0 0.604634
3 True 0 0.34861
3 True 0 0.273849
17 False 0 0.606351
5 False 0 0.633499
4 False 0 0.537852
2 True 0 0.207907
4 True 0 0.392888
5 True 0 0.412665
7 True 0 0.424662
35 False 0 0.565845
4 False 0 0.572831
7 True 0 0.477974
5 True 0 0.432724
2 True 0 0.215375
4 True 0 0.339238
2 True 0 0.208657
2 True 0 0.209878
11 False 0 0.547437
4 True 0 0.311595
4 True 0 0.309784
2 False 0 0.64362
4 True 0 0.335175
4 True 0 0.39054
6 True 0 0.419675
6 True 0 0.448146
10 False 0 0.741749
3 True 0 0.30555
12 False 0 0.738374
3 True 0 0.263095
3 True 0 0.306325
2 True 0 0.210646
7 True 0 0.43675
3 True 0 0.320464
7 True 0 0.402977
5 False 0 0.655222
6 True 0 0.453822
4 True 0 0.307835
22 False 0 0.770404
2 True 0 0.224385
2 True 0 0.279942
2 True 0 0.21047
22 False 0 0.525223
10 False 0 0.743932
2 True 0 0.208357
9 False 0 0.64305
9 False 0 0.732995
2 True 0 0.221574
13 False 0 0.676991
5 False 0 0.561692
16 False 0 0.764526
3 True 0 0.285664
2 True 0 0.209241
4 True 0 0.309276
6 False 0 0.565345
39 False 0 0.763508
3 True 0 0.266134
3 True 0 0.33286
7 True 0 0.445079
13 False 0 0.618227
3 True 0 0.292859
6 False 0 0.658925
11 True 0 0.469862
11 False 0 0.725725
2 True 0 0.208347
9 True 0 0.459246
2 True 0 0.227219
5 True 0 0.399632
8 False 0 0.676826
2 True 0 0.220251
2 True 0 0.216859
4 True 0 0.317855
4 False 0 0.57087
6 True 0 0.390792
2 True 0 0.21064
10 False 0 0.701313
4 True 0 0.307535
3 True 0 0.283904
13 False 0 0.51814
2 True 0 0.207832
2 True 0 0.225941
3 True 0 0.267092
6 True 0 0.431796
7 True 0 0.464361
2 True 0 0.230563
2 True 0 0.214769
11 False 0 0.540408
4 True 0 0.405736
8 True 0 0.427329
6 False 0 0.637472
40 False 0 0.674812
2 True 0 0.301016
8 True 0 0.465379
3 True 0 0.326944
12 False 0 0.597982
2 True 0 0.214043
15 True 0 0.499236
6 False 0 0.675042
11 False 0 0.502961
15 False 0 0.698944
4 False 0 0.578051
3 True 0 0.262402
2 True 0 0.225941
5 True 0 0.349946
5 True 0 0.349135
2 False 0 0.64362
3 False 0 0.502712
2 True 0 0.208142
8 False 0 0.506068
12 False 0 0.715264
5 True 0 0.345081
3 True 0 0.260162
3 True 0 0.272567
3 True 0 0.261664
2 True 0 0.215581
2 False 0 0.64362
22 False 0 0.764659
8 False 0 0.716924
7 True 0 0.430221
23 False 0 0.583632
8 False 0 0.523413
2 True 0 0.208357
7 False 0 0.520749
6 True 0 0.3786
9 False 0 0.728425
4 True 0 0.311876
6 False 0 0.661845
3 True 0 0.280017
2 True 0 0.236201
62 False 0 0.737537
2 False 0 0.64362
2 False 0 0.64362
7 True 0 0.409805
5 True 0 0.369827
4 True 0 0.35083
5 False 0 0.632749
13 False 0 0.743693
2 False 0 0.64362
10 True 0 0.480054
2 True 0 0.20876
2 True 0 0.269275
7 False 0 0.519495
2 True 0 0.209979
2 True 0 0.233406
5 True 0 0.375798
2 True 0 0.214962
7 False 0 0.669197
2 True 0 0.214935
4 True 0 0.322303
2 True 0 0.356721
31 False 0 0.76494
4 True 0 0.405544
4 True 0 0.31698
4 True 0 0.316928
2 False 0 0.64362
3 True 0 0.26514
7 True 0 0.464613
2 True 0 0.210596
5 False 0 0.610565
7 True 0 0.445345
4 False 0 0.584971
7 True 0 0.417166
2 True 0 0.227145
2 False 0 0.64362
3 True 0 0.309365
18 False 0 0.597302
2 True 0 0.249461
3 True 0 0.347027
37 False 0 0.748588
3 False 0 0.666533
9 False 0 0.576036
5 True 0 0.34213
10 False 0 0.741567
2 True 0 0.222558
9 True 0 0.44789
3 True 0 0.268756
3 True 0 0.462422
16 False 0 0.622293
11 False 0 0.532442
6 True 0 0.395241
13 False 0 0.589059
3 True 0 0.306148
3 True 0 0.262971
4 True 0 0.346847
4 True 0 0.315159
7 True 0 0.402353
2 True 0 0.207905
5 True 0 0.390656
4 True 0 0.364424
7 False 0 0.636897
2 True 0 0.216372
15 False 0 0.728635
15 False 0 0.597198
21 False 0 0.536373
2 True 0 0.301128
2 True 0 0.209878
2 True 0 0.207895
3 True 0 0.261921
3 True 0 0.335472
8 False 0 0.71458
4 False 0 0.51055
5 False 0 0.628081
8 True 0 0.469785
6 True 0 0.400041
6 True 0 0.469606
3 True 0 0.366656
3 True 0 0.483438
10 True 0 0.4951
2 True 0 0.211442
7 False 0 0.672784
5 True 0 0.461931
5 True 0 0.348629
16 False 0 0.573672
3 True 0 0.27022
2 True 0 0.212847
10 False 0 0.742159
2 True 0 0.207839
3 True 0 0.326616
4 True 0 0.348135
2 True 0 0.209127
6 True 0 0.385306
